a1425994260,2067.93,2076.14,2067.82,2076.14,0
1,2063.64,2067.66,2063.57,2067.66,0
2,2064.01,2064.24,2063.49,2063.66,0
3,2062.81,2064.21,2062.74,2064.11,0
4,2063.46,2063.47,2062.42,2062.81,0
5,2061.72,2063.83,2061.61,2063.56,0
6,2061.5,2062.94,2061.5,2061.87,0
7,2061.74,2061.78,2060.57,2061.47,0
8,2061.94,2062.04,2061.38,2061.72,0
9,2061.25,2061.93,2060.66,2061.91,0
10,2061.26,2062.05,2060.32,2060.97,0
11,2061.32,2061.71,2061.22,2061.26,0
12,2060.05,2061.35,2060.05,2061.35,0
13,2060.52,2060.53,2059.64,2060.04,0
14,2058.77,2060.6,2058.71,2060.55,0
15,2058.33,2058.79,2058.2,2058.77,0
16,2057.98,2058.3,2057.19,2058.3,0
17,2058.55,2058.62,2057.89,2058.04,0
18,2058.61,2058.61,2058.25,2058.54,0
19,2058.14,2058.95,2058.14,2058.64,0
20,2056.27,2057.91,2056.27,2057.91,0
21,2057.46,2057.46,2056.14,2056.25,0
22,2058.16,2058.21,2057.43,2057.48,0
23,2058.31,2058.31,2057.92,2058.14,0
24,2059.62,2059.62,2058.17,2058.32,0
25,2059.59,2059.88,2059.18,2059.61,0
26,2060.16,2060.27,2059.73,2059.73,0
27,2059.72,2060.32,2059.52,2060.17,0
28,2059.41,2059.72,2059.19,2059.72,0
29,2059.1,2059.42,2058.85,2059.42,0
30,2058.79,2059.17,2058.53,2058.94,0
31,2060.3,2060.31,2058.85,2058.85,0
32,2059.35,2060.36,2059.35,2060.35,0
33,2059.12,2059.58,2059,2059.31,0
34,2060.5,2060.53,2059.13,2059.13,0
35,2059.9,2060.54,2059.41,2060.5,0
36,2059.65,2059.96,2059.65,2059.93,0
37,2059.26,2059.58,2058.85,2059.51,0
38,2059.17,2059.37,2058.94,2059.28,0
39,2059.05,2059.19,2058.7,2059.19,0
40,2058.84,2059.17,2058.84,2059.08,0
41,2058.18,2058.71,2057.52,2058.71,0
42,2058.13,2058.34,2058.09,2058.16,0
43,2057.12,2058.15,2057.12,2058.15,0
44,2056.54,2057.16,2056.16,2057.08,0
45,2055.29,2056.53,2055.18,2056.53,0
46,2054.64,2055.43,2054.51,2055.32,0
47,2055.42,2055.46,2054.62,2054.65,0
48,2055.66,2055.68,2055.29,2055.4,0
49,2056.11,2056.17,2055.68,2055.68,0
50,2056.14,2056.17,2055.87,2056.1,0
51,2056.69,2056.82,2056.12,2056.15,0
52,2056.2,2056.91,2056.14,2056.7,0
53,2055.9,2056.35,2055.9,2056.19,0
54,2055.72,2055.91,2055.72,2055.9,0
55,2056.15,2056.28,2055.51,2055.61,0
56,2055.98,2056.13,2055.72,2056.13,0
57,2054.37,2055.97,2054.15,2055.97,0
58,2055.55,2055.55,2054.39,2054.39,0
59,2056.22,2056.22,2055.27,2055.59,0
60,2055.29,2056.22,2055.27,2056.22,0
61,2055.04,2055.43,2055.04,2055.29,0
62,2055.48,2055.49,2054.81,2055.03,0
63,2054.96,2055.58,2054.86,2055.5,0
64,2054.55,2054.97,2054.53,2054.96,0
65,2054.65,2054.99,2054.07,2054.34,0
66,2053.17,2054.65,2053.17,2054.65,0
67,2052.96,2053.15,2052.95,2053.15,0
68,2052.98,2052.99,2052.72,2052.96,0
69,2053.32,2053.33,2052.8,2052.98,0
70,2054.16,2054.16,2053.14,2053.31,0
71,2054.99,2054.99,2054.16,2054.16,0
72,2053.68,2054.96,2053.68,2054.96,0
73,2053.99,2054.03,2053.68,2053.7,0
74,2054.24,2054.35,2053.87,2053.99,0
75,2054.97,2055.06,2054.26,2054.26,0
76,2054.43,2054.99,2054.43,2054.99,0
77,2054.45,2054.45,2054.16,2054.43,0
78,2054.27,2054.44,2054.1,2054.44,0
79,2055.1,2055.1,2054.27,2054.27,0
80,2056.11,2056.14,2055.08,2055.11,0
81,2056.12,2056.21,2055.97,2056.04,0
82,2056.78,2056.9,2056.16,2056.16,0
83,2057.22,2057.23,2056.75,2056.8,0
84,2056.91,2057.23,2056.91,2057.23,0
85,2057.82,2058,2056.92,2056.92,0
86,2058.03,2058.03,2057.77,2057.81,0
87,2057.54,2058.15,2057.54,2058.04,0
88,2057.68,2057.74,2057.49,2057.54,0
89,2057,2057.98,2057,2057.63,0
90,2057.01,2057.06,2056.16,2056.16,0
91,2058.1,2058.1,2056.93,2056.98,0
92,2058.53,2058.56,2058.13,2058.13,0
93,2058.91,2058.91,2058.46,2058.55,0
94,2058.89,2059.22,2058.89,2058.94,0
95,2058.92,2059.03,2058.73,2058.88,0
96,2059.22,2059.4,2058.92,2058.93,0
97,2059.32,2059.44,2059.11,2059.22,0
98,2059.61,2059.71,2059.28,2059.32,0
99,2059.53,2059.62,2059.43,2059.62,0
100,2059.31,2059.59,2059.29,2059.52,0
101,2058.93,2059.33,2058.93,2059.29,0
102,2059.33,2059.35,2058.88,2058.93,0
103,2060.55,2060.63,2059.33,2059.34,0
104,2060.56,2060.62,2060.48,2060.52,0
105,2060.68,2060.91,2060.58,2060.58,0
106,2060.58,2060.71,2060.46,2060.66,0
107,2060.42,2060.67,2060.42,2060.58,0
108,2060.61,2060.61,2060.19,2060.43,0
109,2060.88,2060.9,2060.56,2060.69,0
110,2061.76,2061.87,2060.86,2060.87,0
111,2061.52,2061.77,2061.5,2061.76,0
112,2061.4,2061.56,2061.4,2061.53,0
113,2060.88,2061.4,2060.88,2061.39,0
114,2060.4,2060.83,2060.4,2060.83,0
115,2060.44,2060.46,2060.21,2060.33,0
116,2061.08,2061.11,2060.44,2060.45,0
117,2061.22,2061.3,2061.04,2061.06,0
118,2060.41,2061.25,2060.41,2061.22,0
119,2059.95,2060.41,2059.79,2060.39,0
120,2059.85,2059.97,2059.84,2059.91,0
121,2059.71,2060,2059.7,2059.86,0
122,2060.33,2060.33,2059.72,2059.72,0
123,2059.99,2060.52,2059.99,2060.33,0
124,2059.08,2059.99,2059.08,2059.99,0
125,2058.88,2059.3,2058.88,2059.08,0
126,2058.74,2059.06,2058.74,2058.87,0
127,2058.2,2058.76,2058.16,2058.73,0
128,2057.71,2058.45,2057.7,2058.2,0
129,2057.9,2057.97,2057.63,2057.71,0
130,2057.67,2057.96,2057.67,2057.87,0
131,2057.1,2057.78,2057,2057.66,0
132,2056.78,2057.21,2056.78,2057.08,0
133,2056.17,2056.77,2056.14,2056.77,0
134,2056.26,2056.29,2056.14,2056.16,0
135,2055.09,2056.27,2055.09,2056.26,0
136,2055.12,2055.18,2054.86,2055.07,0
137,2055.18,2055.23,2055.14,2055.14,0
138,2055.35,2055.35,2055.14,2055.19,0
139,2054.46,2055.35,2054.46,2055.35,0
140,2054.19,2054.45,2054.1,2054.45,0
141,2054.34,2054.41,2054.13,2054.21,0
142,2054.25,2054.43,2054.19,2054.33,0
143,2054.75,2054.79,2054.01,2054.23,0
144,2053.33,2054.76,2053.33,2054.76,0
145,2053.94,2053.94,2052.9,2053.33,0
146,2053.64,2054.27,2053.64,2053.96,0
147,2053.65,2053.94,2053.48,2053.62,0
148,2052.97,2053.83,2052.97,2053.66,0
149,2051.73,2053.14,2051.73,2052.98,0
150,2051.22,2051.75,2051.09,2051.73,0
151,2050.83,2051.22,2050.82,2051.2,0
152,2049.98,2050.81,2049.78,2050.81,0
153,2050.2,2050.2,2049.85,2049.98,0
154,2050.4,2050.5,2050.14,2050.2,0
155,2050.19,2050.38,2050.04,2050.38,0
156,2050.42,2050.49,2050.09,2050.19,0
157,2050.86,2050.86,2050.16,2050.42,0
158,2050.88,2050.89,2050.71,2050.86,0
159,2051.62,2051.62,2050.89,2050.89,0
160,2052.3,2052.3,2051.64,2051.64,0
161,2052.68,2052.68,2052.3,2052.31,0
162,2053.24,2053.24,2052.59,2052.69,0
163,2052.87,2053.29,2052.86,2053.26,0
164,2053.01,2053.13,2052.83,2052.86,0
165,2053.24,2053.37,2052.98,2053.01,0
166,2052.42,2053.23,2052.32,2053.23,0
167,2052.25,2052.61,2052.25,2052.42,0
168,2052.18,2052.32,2051.66,2052.26,0
169,2052.41,2052.49,2052.16,2052.19,0
170,2052.06,2052.4,2051.89,2052.38,0
171,2051.41,2052.11,2051.41,2052.07,0
172,2051.26,2051.44,2051.04,2051.41,0
173,2050.72,2051.26,2050.57,2051.26,0
174,2049.74,2050.72,2049.69,2050.72,0
175,2049.54,2050.18,2049.51,2049.81,0
176,2050.26,2050.27,2049.54,2049.54,0
177,2050.39,2050.43,2050.23,2050.27,0
178,2051.14,2051.15,2050.4,2050.4,0
179,2050.87,2051.21,2050.85,2051.12,0
180,2050.39,2050.61,2049.67,2050.35,0
181,2050.29,2050.5,2050.19,2050.39,0
182,2050.28,2050.4,2050.27,2050.29,0
183,2049.47,2050.29,2049.47,2050.29,0
184,2049.37,2049.46,2049.24,2049.46,0
185,2049.63,2049.63,2049.3,2049.39,0
186,2049.93,2049.96,2049.64,2049.64,0
187,2050.59,2050.59,2049.93,2049.93,0
188,2051.31,2051.31,2050.65,2050.65,0
189,2051.89,2051.89,2051.32,2051.32,0
190,2052.09,2052.09,2051.74,2051.9,0
191,2052.03,2052.36,2051.96,2052.08,0
192,2052.81,2052.87,2052.02,2052.06,0
193,2053.41,2053.43,2052.65,2052.82,0
194,2052.89,2053.46,2052.81,2053.4,0
195,2051.82,2052.86,2051.55,2052.83,0
196,2052.56,2052.8,2051.81,2051.82,0
197,2052.56,2052.93,2052.55,2052.55,0
198,2051.19,2052.56,2051.17,2052.56,0
199,2051.88,2051.9,2051.21,2051.21,0
200,2051.47,2051.88,2051.37,2051.88,0
201,2051.18,2051.49,2051.18,2051.47,0
202,2051.73,2051.74,2051.18,2051.18,0
203,2052.17,2052.17,2051.71,2051.72,0
204,2051.65,2052.49,2051.65,2052.18,0
205,2052.48,2052.48,2051.63,2051.63,0
206,2052.29,2052.57,2052.29,2052.5,0
207,2053.17,2053.17,2052.31,2052.31,0
208,2052.29,2053.2,2052.21,2053.19,0
209,2051.72,2052.48,2051.72,2052.3,0
210,2052.02,2052.27,2051.72,2051.73,0
211,2052.21,2052.21,2051.86,2051.99,0
212,2051.93,2052.22,2051.93,2052.22,0
213,2051.93,2051.94,2051.82,2051.93,0
214,2051.93,2052.06,2051.85,2051.94,0
215,2052.11,2052.12,2051.73,2051.91,0
216,2052.61,2052.67,2052.09,2052.09,0
217,2051.34,2052.61,2051.28,2052.61,0
218,2051.54,2051.56,2051.33,2051.35,0
219,2051.31,2051.62,2051.29,2051.52,0
220,2051.01,2051.32,2050.98,2051.31,0
221,2051.51,2051.53,2050.94,2051.02,0
222,2051.77,2051.77,2051.48,2051.52,0
223,2051.46,2051.86,2051.34,2051.74,0
224,2051.2,2051.46,2051.18,2051.46,0
225,2051.42,2051.49,2051.12,2051.19,0
226,2051.41,2051.48,2050.93,2051.44,0
227,2051.83,2051.91,2051.42,2051.42,0
228,2051.67,2051.84,2051.49,2051.83,0
229,2052.29,2052.29,2051.66,2051.66,0
230,2053.21,2053.21,2052.3,2052.3,0
231,2054.38,2054.61,2053.24,2053.24,0
232,2054.02,2054.7,2054.01,2054.38,0
233,2054.18,2054.22,2054.03,2054.03,0
234,2054.68,2054.71,2054.19,2054.19,0
235,2055.11,2055.16,2054.68,2054.68,0
236,2055.03,2055.24,2055.03,2055.12,0
237,2055.09,2055.09,2054.95,2055.03,0
238,2054.44,2055.1,2054.35,2055.1,0
239,2053.76,2054.48,2053.76,2054.44,0
240,2053.4,2053.72,2053.31,2053.72,0
241,2053.04,2053.44,2053.04,2053.39,0
242,2052.56,2053.06,2052.48,2053.06,0
243,2052.95,2052.97,2052.56,2052.56,0
244,2052.88,2052.98,2052.85,2052.95,0
245,2052.63,2052.88,2052.61,2052.87,0
246,2053.04,2053.04,2052.57,2052.6,0
247,2052.5,2053.04,2052.47,2053.04,0
248,2052.17,2052.66,2052.17,2052.51,0
249,2052.12,2052.34,2052.1,2052.17,0
250,2051.96,2052.11,2051.66,2052.11,0
251,2052.25,2052.27,2051.95,2051.95,0
252,2052.13,2052.36,2052.04,2052.25,0
253,2052,2052.13,2051.94,2052.12,0
254,2052.31,2052.31,2052.03,2052.1,0
255,2052.59,2052.59,2052.27,2052.33,0
256,2052.76,2052.83,2052.62,2052.62,0
257,2053.32,2053.32,2052.56,2052.76,0
258,2053.48,2053.48,2053.2,2053.33,0
259,2053.3,2053.66,2053.3,2053.51,0
260,2052.97,2053.31,2052.92,2053.3,0
261,2053.37,2053.39,2052.96,2052.97,0
262,2053.31,2053.53,2053.31,2053.36,0
263,2053.14,2053.31,2052.83,2053.31,0
264,2052.91,2053.15,2052.86,2053.13,0
265,2052.94,2053.03,2052.91,2052.91,0
266,2052.41,2053.04,2052.26,2052.94,0
267,2052.49,2052.62,2052.37,2052.42,0
268,2052.37,2052.76,2052.37,2052.48,0
269,2052.4,2052.4,2051.99,2052.35,0
270,2052.28,2052.59,2052.28,2052.43,0
271,2052.39,2052.39,2052.19,2052.25,0
272,2052.54,2052.59,2052.34,2052.39,0
273,2052.91,2052.97,2052.55,2052.55,0
274,2052.97,2053.06,2052.8,2052.9,0
275,2053.7,2053.7,2053,2053,0
276,2054.07,2054.21,2053.71,2053.71,0
277,2054.09,2054.09,2053.82,2054.07,0
278,2054.25,2054.3,2054.06,2054.1,0
279,2054.59,2054.59,2054.25,2054.25,0
280,2054.48,2054.72,2054.47,2054.58,0
281,2054.09,2054.56,2054.08,2054.49,0
282,2052.58,2054.08,2052.58,2054.08,0
283,2051.52,2052.67,2051.52,2052.59,0
284,2050.67,2051.32,2050.28,2051.32,0
285,2051.12,2051.12,2050.61,2050.7,0
286,2051.05,2051.2,2051,2051.13,0
287,2051.05,2051.13,2051.01,2051.02,0
288,2050.09,2051.05,2049.99,2051.04,0
289,2049.91,2050.13,2049.82,2050.09,0
290,2049.13,2049.91,2048.98,2049.91,0
291,2049.09,2049.32,2049.03,2049.15,0
292,2049.41,2049.41,2049.09,2049.09,0
293,2048.93,2049.41,2048.89,2049.41,0
294,2048.46,2048.93,2048.3,2048.93,0
295,2048.6,2048.6,2048.42,2048.47,0
296,2049.31,2049.33,2048.61,2048.61,0
297,2049.2,2049.31,2049.04,2049.31,0
298,2048.65,2049.2,2048.65,2049.2,0
299,2048.67,2048.67,2048.52,2048.64,0
300,2049.01,2049.01,2048.64,2048.65,0
301,2049.8,2049.81,2049,2049,0
302,2049.75,2050.09,2049.75,2049.84,0
303,2050.03,2050.05,2049.76,2049.77,0
304,2049.91,2050.08,2049.84,2050.02,0
305,2050.42,2050.44,2049.9,2049.93,0
306,2049.72,2050.41,2049.72,2050.41,0
307,2049.42,2049.72,2049.06,2049.72,0
308,2049.51,2049.65,2049.42,2049.43,0
309,2049.85,2049.93,2049.57,2049.57,0
310,2049.43,2049.85,2049.2,2049.84,0
311,2049.41,2049.5,2049.33,2049.43,0
312,2048.83,2049.4,2048.83,2049.4,0
313,2049.14,2049.14,2048.72,2048.82,0
314,2049.62,2049.63,2049.15,2049.15,0
315,2050.44,2050.46,2049.63,2049.63,0
316,2050.41,2050.57,2050.41,2050.43,0
317,2051.15,2051.33,2050.4,2050.41,0
318,2051.23,2051.35,2051.08,2051.12,0
319,2050.03,2051.22,2049.94,2051.22,0
320,2049.88,2050.25,2049.85,2050.05,0
321,2050.27,2050.27,2049.89,2049.89,0
322,2050.45,2050.49,2050.28,2050.28,0
323,2050.34,2050.49,2050.34,2050.46,0
324,2049.13,2050.37,2048.99,2050.33,0
325,2048.34,2049.15,2048.33,2049.13,0
326,2048.6,2048.76,2048.34,2048.34,0
327,2048.55,2048.62,2048.48,2048.6,0
328,2048.76,2048.76,2048.44,2048.54,0
329,2048.65,2048.94,2048.63,2048.76,0
330,2048.7,2048.73,2047.95,2048.63,0
331,2049.56,2049.68,2048.77,2048.77,0
332,2049.5,2049.74,2049.48,2049.56,0
333,2050.4,2050.4,2049.46,2049.49,0
334,2049.44,2050.42,2049.36,2050.42,0
335,2049.93,2049.96,2049.44,2049.44,0
336,2049.49,2049.95,2049.27,2049.95,0
337,2050.04,2050.04,2049.5,2049.5,0
338,2050.6,2050.67,2050.01,2050.05,0
339,2050.63,2050.93,2050.54,2050.58,0
340,2050.01,2050.77,2050.01,2050.64,0
341,2050.27,2050.49,2049.73,2049.98,0
342,2050.3,2050.36,2050.13,2050.27,0
343,2049.92,2050.31,2049.85,2050.31,0
344,2049.88,2050.35,2049.88,2049.92,0
345,2049.8,2049.97,2049.43,2049.88,0
346,2050.61,2050.61,2049.69,2049.81,0
347,2050.9,2050.9,2050.58,2050.61,0
348,2051.91,2052.09,2050.94,2050.94,0
349,2051.93,2052.02,2051.69,2051.89,0
350,2052.17,2052.24,2051.91,2051.91,0
351,2052.66,2052.76,2052.08,2052.15,0
352,2052.27,2052.81,2052.15,2052.67,0
353,2052.38,2052.71,2052.27,2052.27,0
354,2052.73,2052.73,2052.39,2052.39,0
355,2052.48,2052.74,2052.43,2052.74,0
356,2051.17,2052.48,2051.08,2052.48,0
357,2051.37,2051.58,2051.06,2051.16,0
358,2051.4,2051.5,2051.38,2051.4,0
359,2049.99,2051.45,2049.65,2051.41,0
360,2049.42,2050.13,2049.34,2050.01,0
361,2048.6,2049.54,2048.52,2049.44,0
362,2048.59,2048.78,2048.52,2048.61,0
363,2049.27,2049.27,2048.6,2048.6,0
364,2049.04,2049.45,2049.04,2049.29,0
365,2049.48,2049.5,2048.82,2049.03,0
366,2049.41,2049.55,2049.32,2049.43,0
367,2050,2050,2049.46,2049.46,0
368,2049.82,2050.19,2049.82,2050,0
369,2049.71,2049.81,2049.57,2049.81,0
370,2049.56,2049.81,2049.55,2049.72,0
371,2050.78,2050.78,2049.54,2049.55,0
372,2049.57,2050.78,2049.52,2050.78,0
373,2050.28,2050.28,2049.5,2049.57,0
374,2049.8,2050.32,2049.8,2050.31,0
375,2049.02,2049.8,2049.01,2049.8,0
376,2048.85,2049.23,2048.84,2049.02,0
377,2049.28,2049.54,2048.85,2048.85,0
378,2050.41,2050.41,2049.25,2049.29,0
379,2050.09,2050.53,2050.09,2050.47,0
380,2048.61,2050.09,2048.61,2050.09,0
381,2048.56,2048.83,2048.56,2048.62,0
382,2048.33,2048.56,2048.33,2048.56,0
383,2048.73,2048.9,2048.3,2048.37,0
384,2048.38,2048.73,2048.32,2048.73,0
385,2046.75,2048.38,2046.75,2048.38,0
386,2046.45,2046.76,2046.14,2046.76,0
387,2047.02,2047.27,2046.43,2046.44,0
388,2046.21,2046.99,2046.21,2046.99,0
389,2045.36,2046.52,2045.18,2046.3,0