a1426858260,5032.03,5033.571,5031.619,5033.468,0
1,5031.547,5032.079,5030.941,5031.91,0
2,5031.808,5032.021,5030.75,5031.616,0
3,5032.396,5032.669,5031.756,5031.964,0
4,5033.615,5033.615,5032.412,5032.56,0
5,5031.533,5034.034,5031.471,5033.773,0
6,5031.015,5031.17,5029.222,5031.17,0
7,5030.182,5031.205,5029.484,5031.065,0
8,5029.642,5031.087,5029.642,5030.354,0
9,5028.635,5030.714,5028.277,5029.687,0
10,5029.528,5030.46,5028.997,5028.997,0
11,5026.562,5029.4,5026.509,5029.333,0
12,5024.717,5026.705,5024.281,5026.67,0
13,5025.292,5025.292,5024.727,5024.809,0
14,5026.083,5026.392,5025.197,5025.197,0
15,5026.378,5026.378,5025.099,5025.956,0
16,5028.823,5028.852,5026.341,5026.426,0
17,5026.221,5029.263,5026.202,5028.886,0
18,5025.762,5027.01,5025.751,5026.283,0
19,5023.286,5025.642,5023.281,5025.642,0
20,5027.157,5027.224,5023.731,5023.731,0
21,5026.726,5028.02,5026.664,5027.137,0
22,5026.387,5027.499,5026.108,5026.78,0
23,5026.911,5027.211,5026.403,5026.403,0
24,5027,5027.702,5026.749,5026.911,0
25,5027.575,5027.92,5026.845,5027.009,0
26,5029.144,5029.393,5027.659,5027.659,0
27,5028.372,5029.259,5028.372,5029.129,0
28,5025.717,5028.573,5025.717,5028.397,0
29,5026.314,5026.428,5025.464,5025.719,0
30,5027.592,5027.936,5025.779,5026.631,0
31,5028.165,5028.323,5027.121,5027.57,0
32,5029.43,5029.524,5027.922,5028.205,0
33,5030.184,5030.185,5029.351,5029.366,0
34,5028.685,5030.269,5028.395,5030.269,0
35,5027.844,5028.951,5027.844,5028.682,0
36,5026.944,5028.514,5026.944,5028.055,0
37,5027.697,5027.879,5026.755,5026.903,0
38,5026.436,5028.025,5026.369,5027.554,0
39,5025.739,5026.697,5025.739,5026.422,0
40,5025.536,5025.674,5025.057,5025.674,0
41,5025.022,5026.055,5025.022,5025.496,0
42,5024.674,5024.965,5023.963,5024.965,0
43,5025.484,5026.157,5024.62,5024.62,0
44,5025.074,5026.583,5025.074,5025.684,0
45,5024.185,5025.362,5023.583,5025.362,0
46,5025.033,5025.479,5024.208,5024.244,0
47,5026.359,5026.416,5025.043,5025.067,0
48,5027.175,5027.391,5026.269,5026.322,0
49,5026.096,5027.39,5025.786,5027.164,0
50,5026.41,5027.036,5026.224,5026.255,0
51,5026.949,5027.069,5026.312,5026.412,0
52,5025.291,5026.913,5025.283,5026.913,0
53,5024.641,5025.578,5024.55,5025.149,0
54,5023.932,5025.13,5023.932,5024.619,0
55,5022.301,5024.188,5022.301,5023.968,0
56,5020.358,5022.516,5020.358,5022.25,0
57,5020.365,5020.896,5020.065,5020.323,0
58,5020.334,5020.615,5020.17,5020.445,0
59,5021.071,5021.275,5020.465,5020.497,0
60,5021.016,5021.608,5021.004,5021.252,0
61,5023.065,5023.065,5020.983,5021.019,0
62,5025.73,5025.764,5023.305,5023.305,0
63,5025.114,5026.334,5025.114,5025.673,0
64,5026.104,5026.104,5025.122,5025.122,0
65,5026.26,5026.268,5025.458,5026.149,0
66,5030.78,5031.061,5026.256,5026.256,0
67,5031.366,5031.366,5030.24,5030.748,0
68,5030.611,5031.405,5030.611,5031.405,0
69,5029.971,5030.73,5029.971,5030.614,0
70,5030.435,5030.561,5029.879,5029.927,0
71,5030.351,5030.572,5030.187,5030.44,0
72,5029.079,5030.538,5029.079,5030.401,0
73,5031.303,5031.463,5028.959,5029.132,0
74,5030.675,5031.44,5030.675,5031.273,0
75,5030.002,5030.838,5029.992,5030.604,0
76,5028.548,5029.938,5028.322,5029.938,0
77,5024.503,5028.507,5024.503,5028.476,0
78,5024.877,5025.058,5024.515,5024.515,0
79,5023.138,5025.21,5023.045,5024.862,0
80,5024.356,5024.386,5022.936,5023.217,0
81,5023.319,5024.57,5023.215,5024.359,0
82,5023.257,5023.708,5023.229,5023.314,0
83,5023.163,5023.247,5022.671,5023.247,0
84,5024.703,5024.985,5023.162,5023.162,0
85,5024.366,5024.641,5024.312,5024.641,0
86,5025.883,5025.883,5024.455,5024.455,0
87,5027.212,5027.212,5025.752,5025.871,0
88,5025.943,5027.259,5025.943,5027.173,0
89,5026.219,5026.219,5025.779,5025.894,0
90,5027.61,5027.61,5026.498,5026.498,0
91,5029.145,5029.145,5027.638,5027.638,0
92,5030.124,5030.139,5029.17,5029.17,0
93,5030.247,5030.91,5030.18,5030.871,0
94,5031.109,5031.774,5029.925,5030.305,0
95,5030.82,5030.82,5030.82,5030.82,0
96,5028.941,5030.856,5028.892,5030.856,0
97,5028.911,5029.004,5028.44,5028.856,0
98,5027.697,5028.876,5027.697,5028.876,0
99,5027.821,5028.007,5027.672,5027.696,0
100,5028.483,5028.678,5027.866,5027.866,0
101,5029.661,5029.661,5028.483,5028.483,0
102,5029.598,5029.917,5029.565,5029.798,0
103,5030.172,5030.172,5029.385,5029.608,0
104,5030.778,5030.778,5030.106,5030.159,0
105,5032.922,5033.085,5030.762,5030.809,0
106,5031.863,5032.879,5031.86,5032.879,0
107,5031.56,5031.883,5031.538,5031.744,0
108,5031.621,5031.77,5031.207,5031.556,0
109,5030.908,5031.493,5030.869,5031.483,0
110,5030.794,5030.906,5030.471,5030.906,0
111,5030.414,5030.79,5030.29,5030.786,0
112,5029.997,5030.45,5029.992,5030.414,0
113,5031.051,5031.137,5029.835,5029.992,0
114,5031.814,5031.917,5030.938,5031.071,0
115,5032.466,5032.579,5031.913,5031.913,0
116,5032.186,5032.522,5031.995,5032.435,0
117,5032.484,5032.5,5032.167,5032.219,0
118,5034.686,5034.793,5032.576,5032.576,0
119,5034.568,5034.999,5034.568,5034.706,0
120,5036.089,5036.089,5034.534,5034.534,0
121,5036.914,5036.914,5036.03,5036.142,0
122,5036.212,5037.1,5036.18,5036.919,0
123,5035.689,5036.32,5035.677,5036.295,0
124,5035.276,5035.663,5035.197,5035.663,0
125,5035.475,5035.565,5035.162,5035.281,0
126,5035.317,5035.57,5035.308,5035.504,0
127,5035.697,5035.727,5035.325,5035.325,0
128,5036.421,5036.659,5035.672,5035.686,0
129,5036.48,5036.513,5036.063,5036.445,0
130,5036.716,5036.918,5036.475,5036.774,0
131,5037.028,5037.223,5036.773,5036.773,0
132,5035.816,5037.057,5035.816,5037.027,0
133,5034.644,5035.815,5034.567,5035.815,0
134,5034.555,5035.053,5034.555,5034.635,0
135,5034.206,5034.702,5034.206,5034.59,0
136,5034.515,5034.515,5034.016,5034.193,0
137,5034.059,5034.528,5033.963,5034.528,0
138,5033.833,5034.173,5033.802,5034.102,0
139,5033.823,5034.229,5033.806,5033.857,0
140,5033.479,5033.863,5033.165,5033.839,0
141,5033.73,5033.73,5033.395,5033.477,0
142,5034.777,5034.777,5033.731,5033.731,0
143,5033.612,5035.011,5033.602,5034.793,0
144,5033.408,5034.064,5033.408,5033.631,0
145,5032.891,5033.668,5032.855,5033.408,0
146,5032.96,5033.313,5032.878,5032.889,0
147,5032.142,5033.162,5032.142,5032.913,0
148,5033.924,5033.94,5032.103,5032.108,0
149,5033.93,5034.14,5033.915,5033.922,0
150,5034.197,5034.412,5033.623,5033.649,0
151,5033.855,5034.401,5033.836,5034.21,0
152,5034.286,5034.645,5033.786,5033.857,0
153,5034.387,5034.468,5034.135,5034.285,0
154,5035.212,5035.502,5034.378,5034.379,0
155,5035.045,5035.385,5034.726,5035.259,0
156,5034.988,5035.157,5034.772,5035.031,0
157,5035.7,5035.857,5035,5035,0
158,5035.51,5035.755,5035.327,5035.692,0
159,5034.935,5035.521,5034.733,5035.518,0
160,5034.748,5035.134,5034.748,5034.989,0
161,5034.576,5034.845,5034.341,5034.706,0
162,5035.493,5035.517,5034.627,5034.627,0
163,5035.326,5035.519,5035.314,5035.492,0
164,5035.512,5035.525,5035.246,5035.316,0
165,5034.924,5035.613,5034.898,5035.541,0
166,5035.085,5035.417,5034.695,5034.957,0
167,5035.399,5035.506,5034.992,5035.09,0
168,5036.174,5036.174,5035.39,5035.39,0
169,5036.193,5036.243,5035.924,5036.123,0
170,5035.021,5036.214,5034.924,5036.201,0
171,5034.495,5035.021,5034.495,5035.021,0
172,5033.6,5034.666,5033.563,5034.507,0
173,5033.558,5033.572,5033.309,5033.57,0
174,5033.684,5034.048,5033.541,5033.559,0
175,5033.889,5033.964,5033.675,5033.684,0
176,5033.479,5033.941,5033.461,5033.857,0
177,5033.263,5033.595,5033.135,5033.491,0
178,5032.528,5033.639,5032.528,5033.261,0
179,5031.824,5032.686,5031.713,5032.573,0
180,5032.724,5032.969,5031.799,5031.837,0
181,5033.439,5033.448,5032.705,5032.724,0
182,5033.456,5033.584,5033.445,5033.445,0
183,5033.106,5033.596,5033.106,5033.596,0
184,5033.126,5033.368,5033.126,5033.171,0
185,5032.635,5032.635,5032.185,5032.324,0
186,5032.58,5032.68,5032.58,5032.68,0
187,5031.77,5032.03,5031.667,5032.03,0
188,5031.999,5031.999,5031.975,5031.975,0
189,5032.029,5032.257,5032.029,5032.257,0
190,5032.359,5032.359,5031.949,5031.949,0
191,5032.512,5032.664,5032.512,5032.532,0
192,5032.964,5033.117,5032.814,5032.814,0
193,5033.67,5033.67,5033.376,5033.376,0
194,5034.726,5034.726,5033.635,5033.662,0
195,5034.577,5034.577,5034.577,5034.577,0
196,5034.785,5034.814,5034.785,5034.788,0
197,5034.695,5034.695,5034.695,5034.695,0
198,5034.801,5034.801,5034.532,5034.605,0
199,5035.121,5035.464,5035.121,5035.149,0
200,5035.943,5036.262,5035.5,5035.5,0
201,5035.988,5036.039,5035.756,5035.849,0
202,5038.34,5038.34,5035.697,5035.995,0
203,5038.778,5038.948,5038.649,5038.91,0
204,5038.934,5039.153,5038.934,5039.086,0
205,5039.401,5039.401,5038.913,5038.947,0
206,5039.111,5039.323,5038.517,5039.323,0
207,5039.567,5039.675,5039.101,5039.101,0
208,5039.008,5039.494,5038.92,5039.489,0
209,5037.931,5038.589,5037.785,5038.589,0
210,5037.759,5038.122,5037.754,5038.013,0
211,5038.786,5038.786,5037.99,5038.022,0
212,5039.579,5039.579,5038.995,5038.995,0
213,5039.394,5039.725,5039.394,5039.725,0
214,5039.443,5039.443,5039.283,5039.389,0
215,5039.509,5039.565,5039.509,5039.565,0
216,5038.917,5039.473,5038.544,5039.473,0
217,5038.986,5038.986,5038.818,5038.91,0
218,5038.384,5038.906,5038.318,5038.906,0
219,5038.428,5038.68,5038.274,5038.359,0
220,5037.946,5038.461,5037.907,5038.458,0
221,5037.661,5038.142,5037.551,5037.943,0
222,5037.327,5037.659,5037.273,5037.659,0
223,5037.924,5038.232,5037.327,5037.327,0
224,5037.262,5037.923,5037.167,5037.923,0
225,5037.869,5037.869,5037.262,5037.268,0
226,5038.978,5038.978,5038.978,5038.978,0
227,5039.548,5039.548,5039.075,5039.075,0
228,5041.092,5041.214,5040.326,5040.326,0
229,5040.98,5041.14,5040.893,5041.066,0
230,5041.486,5041.76,5040.945,5040.946,0
231,5040.534,5041.496,5040.534,5041.484,0
232,5040.322,5040.719,5040.302,5040.528,0
233,5040.167,5040.519,5040.141,5040.315,0
234,5040.2,5040.345,5040.076,5040.163,0
235,5039.924,5040.238,5039.571,5040.223,0
236,5040.477,5040.509,5039.928,5039.928,0
237,5040.535,5040.68,5040.329,5040.49,0
238,5040.686,5040.686,5040.308,5040.515,0
239,5040.703,5040.746,5040.128,5040.718,0
240,5041.844,5041.889,5040.666,5040.711,0
241,5041.687,5042.137,5041.687,5041.84,0
242,5040.721,5041.735,5040.721,5041.678,0
243,5041.05,5041.053,5040.552,5040.719,0
244,5040.735,5041.165,5040.696,5041.042,0
245,5040.861,5040.94,5040.678,5040.708,0
246,5041.226,5041.36,5040.762,5040.855,0
247,5040.784,5041.306,5040.698,5041.219,0
248,5040.347,5040.798,5039.939,5040.779,0
249,5039.802,5040.512,5039.752,5040.344,0
250,5040.442,5040.469,5039.807,5039.807,0
251,5040.167,5040.458,5040.157,5040.402,0
252,5039.854,5040.444,5039.854,5040.169,0
253,5039.765,5039.811,5039.618,5039.811,0
254,5040.448,5040.482,5039.456,5039.615,0
255,5040.131,5040.572,5040.092,5040.444,0
256,5040.03,5040.344,5039.915,5040.132,0
257,5040.67,5040.67,5040.068,5040.068,0
258,5039.81,5040.682,5039.804,5040.682,0
259,5039.59,5039.827,5039.386,5039.815,0
260,5039.389,5039.818,5039.378,5039.594,0
261,5039.719,5039.719,5039.12,5039.4,0
262,5039.649,5039.903,5039.632,5039.745,0
263,5039.131,5039.696,5039.097,5039.658,0
264,5038.603,5039.185,5038.57,5039.176,0
265,5038.57,5038.777,5038.338,5038.594,0
266,5038.094,5038.721,5038.015,5038.581,0
267,5037.916,5038.124,5037.915,5038.097,0
268,5039.034,5039.034,5037.911,5037.911,0
269,5039.036,5039.099,5038.72,5039.001,0
270,5039.772,5039.842,5038.975,5039.059,0
271,5039.669,5039.991,5039.669,5039.785,0
272,5039.441,5039.681,5039.315,5039.676,0
273,5039.277,5039.421,5039.271,5039.421,0
274,5038.539,5039.251,5038.539,5039.251,0
275,5038.538,5038.87,5038.434,5038.566,0
276,5038.22,5038.69,5038.218,5038.539,0
277,5038.542,5038.724,5038.229,5038.247,0
278,5039.477,5039.969,5038.514,5038.514,0
279,5039.28,5039.467,5039.25,5039.467,0
280,5038.55,5039.317,5038.451,5039.301,0
281,5037.569,5038.542,5037.569,5038.542,0
282,5037.079,5037.713,5037.079,5037.528,0
283,5036.819,5037.19,5036.803,5037.13,0
284,5037.348,5037.406,5036.784,5036.815,0
285,5037.128,5037.463,5037.128,5037.349,0
286,5037.415,5037.58,5036.981,5037.108,0
287,5037.371,5037.393,5036.96,5037.393,0
288,5037.151,5037.393,5037.15,5037.368,0
289,5037.041,5037.381,5036.927,5037.161,0
290,5036.492,5036.982,5036.492,5036.982,0
291,5036.381,5036.612,5036.308,5036.473,0
292,5036.606,5036.935,5036.379,5036.379,0
293,5036.138,5036.6,5036.138,5036.6,0
294,5035.456,5036.092,5035.398,5036.092,0
295,5033.168,5035.495,5033.168,5035.457,0
296,5033.441,5033.496,5032.815,5033.133,0
297,5034.881,5034.893,5033.439,5033.456,0
298,5034.92,5035.119,5034.804,5034.889,0
299,5035.179,5035.179,5034.77,5034.899,0
300,5034.492,5035.196,5034.492,5035.188,0
301,5034.49,5034.524,5033.843,5034.476,0
302,5034.466,5034.494,5033.958,5034.494,0
303,5034.947,5034.987,5034.317,5034.424,0
304,5035.613,5035.631,5034.946,5034.957,0
305,5035.633,5035.677,5035.335,5035.617,0
306,5035.834,5035.968,5035.613,5035.618,0
307,5036.101,5036.249,5035.798,5035.837,0
308,5036.325,5036.625,5036.085,5036.085,0
309,5035.679,5036.259,5035.674,5036.259,0
310,5034.897,5035.662,5034.672,5035.662,0
311,5034.405,5034.888,5034.403,5034.874,0
312,5035.785,5035.802,5034.379,5034.379,0
313,5036.025,5036.219,5035.793,5035.793,0
314,5036.057,5036.145,5035.903,5036.044,0
315,5034.976,5036.138,5034.976,5036.059,0
316,5034.234,5034.974,5034.221,5034.974,0
317,5033.285,5034.209,5032.919,5034.209,0
318,5033.492,5033.501,5033.023,5033.292,0
319,5033.934,5034.015,5033.426,5033.488,0
320,5033.885,5034.179,5033.838,5033.931,0
321,5033.902,5034.3,5033.811,5033.891,0
322,5035.332,5035.332,5033.917,5033.917,0
323,5035.604,5035.686,5035.325,5035.344,0
324,5035.21,5035.565,5035.167,5035.565,0
325,5036.027,5036.027,5035.05,5035.212,0
326,5036.127,5036.225,5035.983,5035.985,0
327,5036.171,5036.39,5036.066,5036.1,0
328,5036.295,5036.295,5035.891,5036.151,0
329,5037.452,5037.452,5036.309,5036.309,0
330,5038.079,5038.154,5037.553,5037.553,0
331,5037.034,5038.09,5037.03,5038.09,0
332,5037.76,5037.761,5036.89,5036.972,0
333,5037.634,5038.062,5037.634,5037.727,0
334,5037.866,5037.866,5037.479,5037.605,0
335,5038.281,5038.35,5037.717,5037.872,0
336,5037.868,5038.4,5037.868,5038.346,0
337,5037.361,5037.836,5037.361,5037.814,0
338,5036.681,5037.329,5036.681,5037.329,0
339,5037.078,5037.083,5036.442,5036.656,0
340,5037.373,5037.403,5037,5037.085,0
341,5037.002,5037.793,5037.002,5037.386,0
342,5036.773,5036.978,5036.578,5036.978,0
343,5036.05,5036.799,5036.05,5036.776,0
344,5034.106,5036.043,5034.106,5036.043,0
345,5032.869,5034.07,5032.869,5034.07,0
346,5032.073,5032.506,5031.95,5032.506,0
347,5030.847,5032.231,5030.847,5032.067,0
348,5030.542,5030.816,5030.532,5030.811,0
349,5029.118,5030.538,5029.106,5030.538,0
350,5028.51,5029.191,5028.473,5029.055,0
351,5026.43,5028.503,5026.43,5028.503,0
352,5027.14,5027.535,5026.453,5026.453,0
353,5027.381,5027.381,5026.754,5027.153,0
354,5029.264,5029.617,5027.309,5027.385,0
355,5028.98,5029.17,5028.634,5029.17,0
356,5026.838,5029.02,5026.827,5029.02,0
357,5026.824,5027.083,5026.625,5026.765,0
358,5026.753,5026.833,5026.277,5026.806,0
359,5027.718,5027.718,5026.715,5026.794,0
360,5029.447,5029.498,5027.536,5027.691,0
361,5028.921,5029.55,5028.779,5029.474,0
362,5028.862,5029.036,5028.722,5028.926,0
363,5028.247,5028.856,5028.051,5028.856,0
364,5029.076,5029.076,5028.273,5028.275,0
365,5028.752,5029.22,5028.73,5029.099,0
366,5027.432,5028.963,5027.429,5028.963,0
367,5028.731,5028.731,5027.175,5027.379,0
368,5030.186,5030.186,5028.533,5028.964,0
369,5030.774,5030.774,5030.32,5030.32,0
370,5030.955,5030.995,5030.789,5030.796,0
371,5031.105,5031.132,5030.938,5031.019,0
372,5030.005,5031.156,5029.915,5031.156,0
373,5030.068,5030.073,5029.504,5029.949,0
374,5030.624,5030.624,5029.746,5030.076,0
375,5031.945,5031.998,5030.764,5030.764,0
376,5031.437,5032.333,5031.437,5031.839,0
377,5030.773,5031.564,5030.769,5031.389,0
378,5031,5031.927,5030.889,5030.92,0
379,5031.361,5031.375,5031.033,5031.033,0
380,5033.415,5034.215,5031.154,5031.154,0
381,5032.749,5033.452,5032.633,5033.393,0
382,5032.196,5032.799,5031.046,5032.799,0
383,5030.718,5032.175,5030.428,5032.175,0
384,5029.843,5030.478,5029.843,5030.478,0
385,5030.332,5030.409,5029.599,5029.869,0
386,5030.252,5030.544,5029.835,5030.468,0
387,5029.735,5030.194,5029.684,5030.194,0
388,5028.955,5029.815,5028.717,5029.815,0
389,5025.573,5029.033,5025.573,5028.984,0