25-Mar-15,126.54,126.82,123.38,123.38,51655177
24-Mar-15,127.23,128.04,126.56,126.69,32842304
23-Mar-15,127.12,127.85,126.52,127.21,37709674
20-Mar-15,128.25,128.40,125.16,125.90,68695136
19-Mar-15,128.75,129.25,127.40,127.50,45809490
18-Mar-15,127.00,129.16,126.37,128.47,65270945
17-Mar-15,125.90,127.32,125.65,127.04,51023104
16-Mar-15,123.88,124.95,122.87,124.95,35874300
13-Mar-15,124.40,125.40,122.58,123.59,51827283
12-Mar-15,122.31,124.90,121.63,124.45,48362719
11-Mar-15,124.75,124.77,122.11,122.24,68938974
10-Mar-15,126.41,127.22,123.80,124.51,68856582
9-Mar-15,127.96,129.57,125.06,127.14,88528487
6-Mar-15,128.40,129.37,126.26,126.60,72842060
5-Mar-15,128.58,128.75,125.76,126.41,56517146
4-Mar-15,129.10,129.56,128.32,128.54,31666340
3-Mar-15,128.96,129.52,128.09,129.36,37816283
2-Mar-15,129.25,130.28,128.30,129.09,48096663
27-Feb-15,130.00,130.57,128.24,128.46,62014847
26-Feb-15,128.78,130.87,126.61,130.42,91287529
25-Feb-15,131.56,131.60,128.15,128.79,74711746
24-Feb-15,132.94,133.60,131.17,132.17,69228130
23-Feb-15,130.02,133.00,129.66,133.00,70974110
20-Feb-15,128.62,129.50,128.05,129.50,48948419
19-Feb-15,128.48,129.03,128.33,128.45,37362381
18-Feb-15,127.62,128.78,127.45,128.72,44891737
17-Feb-15,127.49,128.88,126.92,127.83,63152405