a1427203860,18101.96,18110.87,18092.42,18110.87,0
1,18091.42,18101.63,18089.29,18101.63,0
2,18106.13,18107.43,18088.62,18090.28,0
3,18103.43,18107.17,18100.39,18105.67,0
4,18102.16,18105.8,18095.39,18102.1,0
5,18089.76,18104.56,18089.49,18102.03,0
6,18094.16,18097.76,18086.95,18088.75,0
7,18099.55,18100.09,18091.69,18093.89,0
8,18099.36,18103.1,18098.76,18099.42,0
9,18080.64,18099.56,18080.64,18099.49,0
10,18069.6,18079.81,18066.7,18079.81,0
11,18061.59,18072.9,18059.72,18069.8,0
12,18059.02,18062.39,18055.05,18061.39,0
13,18060.41,18062.86,18058.35,18058.62,0
14,18061.8,18063.99,18061.08,18061.08,0
15,18063.83,18065.13,18059.12,18061.46,0
16,18064.66,18066.83,18063.43,18064.03,0
17,18065.39,18066.76,18061.42,18064.89,0
18,18070.17,18070.57,18063.63,18065.59,0
19,18084.01,18086.05,18070.47,18070.47,0
20,18090.42,18092.02,18083.28,18084.01,0
21,18086.95,18090.22,18085.15,18090.22,0
22,18086.91,18088.08,18083.61,18087.42,0
23,18094.66,18094.86,18087.05,18087.05,0
24,18095.82,18095.89,18090.79,18094.66,0
25,18095.76,18098.33,18095.49,18095.49,0
26,18089.45,18096.16,18088.35,18095.76,0
27,18093.25,18093.39,18087.98,18089.52,0
28,18094.76,18095.02,18091.92,18092.92,0
29,18104,18104,18094.29,18094.49,0
30,18113.34,18117.61,18104.53,18104.53,0
31,18118.58,18118.58,18113.51,18113.51,0
32,18113.67,18118.64,18112.11,18118.58,0
33,18108.87,18113.31,18106.07,18113.31,0
34,18113.63,18116.54,18108.7,18108.7,0
35,18123.55,18124.12,18113.71,18113.71,0
36,18127.37,18128.01,18123.58,18123.62,0
37,18127.35,18131.68,18126.29,18127.37,0
38,18123.28,18126.82,18122.18,18126.82,0
39,18126.82,18126.82,18123.42,18123.42,0
40,18116.44,18129.66,18116.04,18126.92,0
41,18116.04,18117.78,18114.51,18116.58,0
42,18116.48,18117.21,18115.01,18116.11,0
43,18118.18,18118.18,18112.64,18116.51,0
44,18119.11,18123.68,18116.51,18117.58,0
45,18120.15,18120.88,18118.31,18119.05,0
46,18124.32,18126.09,18120.18,18120.21,0
47,18121.88,18124.08,18121.88,18123.42,0
48,18127.02,18127.35,18122.08,18122.08,0
49,18124.58,18127.05,18121.38,18126.62,0
50,18126.15,18126.69,18123.28,18124.88,0
51,18121.85,18126.09,18121.51,18126.09,0
52,18123.58,18123.58,18120.25,18121.85,0
53,18106.2,18123.52,18106.2,18123.52,0
54,18104.36,18106.83,18101.23,18106.27,0
55,18101.43,18104.9,18100.49,18104.3,0
56,18103.1,18103.16,18099.89,18101.43,0
57,18107.63,18108.87,18103.5,18103.5,0
58,18108.97,18108.97,18103.93,18107.07,0
59,18111.77,18112.64,18109,18109.17,0
60,18111.3,18114.24,18111.27,18111.84,0
61,18116.04,18116.98,18110.94,18111.57,0
62,18111.83,18116.18,18111.57,18116.18,0
63,18113.51,18114.44,18112.23,18112.23,0
64,18110.17,18113.77,18110.17,18113.77,0
65,18109.17,18110,18104.13,18110,0
66,18105.23,18109.34,18105.17,18109.17,0
67,18108.8,18110.07,18104.06,18104.97,0
68,18112.51,18112.51,18108.6,18108.74,0
69,18110.84,18114.17,18109.6,18112.57,0
70,18111.24,18111.63,18109.74,18110.9,0
71,18123.02,18123.05,18111.17,18111.17,0
72,18115.64,18123.02,18113.83,18123.02,0
73,18111.4,18116.04,18107.7,18115.64,0
74,18110.04,18111.05,18108.27,18108.6,0
75,18109.9,18109.97,18105.4,18109.77,0
76,18106.23,18110.64,18106.1,18109.9,0
77,18108.3,18109.13,18105.9,18106.23,0
78,18106.67,18109.97,18106.67,18108.23,0
79,18107.3,18108,18105.6,18106.23,0
80,18113.24,18113.24,18106.47,18107.37,0
81,18119.75,18119.81,18113.71,18113.71,0
82,18121.08,18122.31,18119.55,18119.75,0
83,18117.34,18122.52,18117.34,18121.08,0
84,18120.68,18121.38,18116.88,18117.28,0
85,18121.51,18123.02,18120.01,18121.28,0
86,18121.55,18123.65,18120.88,18121.58,0
87,18122.12,18123.42,18121.01,18121.51,0
88,18118.21,18122.12,18118.11,18122.12,0
89,18117.68,18118.21,18115.84,18118.21,0
90,18104.97,18117.38,18104.03,18117.38,0
91,18105.8,18106.13,18104.68,18105.6,0
92,18107.17,18107.33,18105.4,18105.8,0
93,18110.84,18110.9,18107.07,18107.13,0
94,18114.24,18115.58,18110.84,18110.84,0
95,18118.99,18119.25,18114.14,18114.17,0
96,18128.89,18129.02,18118.59,18118.79,0
97,18138.14,18138.73,18128.49,18128.89,0
98,18137.16,18138.43,18136.59,18137.94,0
99,18137,18137.9,18135.93,18137.13,0
100,18137.37,18138.46,18135.59,18137.06,0
101,18139.66,18140.43,18136.8,18137.44,0
102,18141.53,18144.1,18139.6,18139.6,0
103,18138.83,18141.67,18138.67,18140.8,0
104,18137.1,18139.23,18136.23,18138.96,0
105,18137.2,18139.27,18137,18137,0
106,18140.61,18140.61,18135.76,18136.86,0
107,18145.04,18146.14,18142.58,18142.58,0
108,18146.24,18146.9,18143.97,18144.94,0
109,18144.7,18146.24,18144.7,18146.1,0
110,18141.53,18144.54,18141.33,18144.5,0
111,18143.1,18143.5,18141.4,18141.47,0
112,18144.87,18149.24,18142.97,18142.97,0
113,18140.51,18144.8,18140.1,18144.8,0
114,18140.93,18141.2,18140.43,18140.47,0
115,18142.4,18143.55,18140.97,18141.07,0
116,18138.93,18142.4,18138.57,18142.4,0
117,18140.17,18140.17,18138.1,18138.96,0
118,18139.36,18141.47,18139.1,18140.17,0
119,18137.86,18139.56,18137.76,18139.5,0
120,18141.33,18141.4,18138.06,18138.06,0
121,18137.3,18141.53,18137.3,18141.13,0
122,18136.56,18138.73,18136.46,18137.56,0
123,18132.49,18136.29,18132.49,18135.99,0
124,18130.86,18132.49,18130.69,18132.49,0
125,18129.82,18131.89,18129.62,18131.06,0
126,18132.89,18133.13,18129.32,18129.79,0
127,18132.72,18132.72,18131.39,18132.69,0
128,18128.49,18132.52,18128.49,18132.39,0
129,18127.85,18128.35,18126.55,18128.35,0
130,18130.49,18130.69,18127.82,18127.92,0
131,18125.68,18131.09,18125.42,18130.49,0
132,18126.65,18127.25,18125.68,18125.68,0
133,18129.29,18129.29,18126.59,18126.59,0
134,18126.42,18129.22,18125.7,18129.22,0
135,18123.56,18126.55,18122.92,18126.29,0
136,18124.75,18124.75,18122.89,18123.36,0
137,18126.55,18126.75,18124.62,18125.08,0
138,18125.12,18127.02,18124.25,18126.62,0
139,18126.25,18126.85,18124.45,18125.25,0
140,18126.75,18127.35,18125.72,18126.32,0
141,18127.25,18127.92,18126.73,18126.75,0
142,18127.15,18127.89,18127.09,18127.39,0
143,18126.35,18127.35,18124.62,18127.15,0
144,18131.09,18131.09,18126.35,18126.35,0
145,18131.29,18132.96,18130.49,18131.02,0
146,18130.99,18131.32,18130.12,18131.29,0
147,18131.02,18131.19,18130.12,18131.12,0
148,18128.63,18131.66,18128.63,18131.09,0
149,18123.22,18129.03,18123.22,18129.03,0
150,18120.61,18122.85,18118.72,18122.75,0
151,18118.98,18120.81,18117.91,18120.81,0
152,18122.05,18122.05,18119.35,18119.51,0
153,18125.35,18126.25,18122.05,18122.05,0
154,18125.22,18126.85,18125.22,18125.58,0
155,18124.18,18125.62,18123.98,18125.15,0
156,18122.98,18124.52,18122.05,18124.38,0
157,18118.81,18122.65,18118.74,18122.65,0
158,18120.51,18120.87,18118.51,18118.74,0
159,18118.68,18120.48,18118.61,18120.48,0
160,18119.45,18119.85,18118.22,18118.61,0
161,18121.48,18121.48,18117.58,18119.48,0
162,18123.52,18124.02,18121.41,18121.48,0
163,18127.89,18130.29,18123.35,18123.48,0
164,18127.05,18128.69,18127.05,18127.85,0
165,18122.85,18127.05,18122.85,18127.05,0
166,18122.23,18123.18,18122.13,18122.85,0
167,18120.95,18123.55,18120.48,18122.23,0
168,18120.91,18121.01,18118.64,18120.98,0
169,18124.82,18126.29,18120.91,18120.91,0
170,18122.85,18124.95,18122.78,18124.88,0
171,18120.27,18122.85,18120.27,18122.85,0
172,18118.88,18120.53,18117.54,18120.4,0
173,18117.18,18118.95,18117.08,18118.95,0
174,18114.34,18117.24,18112.24,18117.24,0
175,18112.59,18114.61,18112.59,18114.47,0
176,18115.51,18115.51,18112.59,18112.59,0
177,18117.91,18117.91,18115.51,18115.51,0
178,18115.44,18119.18,18115.31,18117.91,0
179,18105.6,18115.64,18105.6,18115.64,0
180,18106.37,18108.44,18105.8,18105.8,0
181,18103.9,18106.67,18103.86,18106.33,0
182,18092.45,18103.98,18092.19,18103.92,0
183,18092.65,18092.65,18090.12,18092.39,0
184,18088.55,18094.06,18088.55,18092.65,0
185,18080.58,18089.28,18078.07,18088.28,0
186,18086.45,18087.25,18080.58,18080.64,0
187,18085.45,18086.98,18084.55,18086.38,0
188,18084.61,18086.35,18084.61,18085.31,0
189,18081.88,18084.85,18081.48,18084.68,0
190,18082.24,18082.38,18080.41,18081.84,0
191,18085.11,18085.28,18082.38,18082.44,0
192,18086.51,18087.65,18084.18,18084.71,0
193,18088.42,18088.42,18085.21,18086.65,0
194,18085.81,18088.52,18085.31,18088.45,0
195,18086.55,18086.55,18084.98,18086.08,0
196,18090.99,18091.92,18086.55,18086.55,0
197,18086.98,18091.22,18086.55,18090.92,0
198,18083.88,18086.98,18083.88,18086.91,0
199,18075.27,18083.88,18075.04,18083.88,0
200,18070.87,18075.2,18068.71,18075.2,0
201,18069.33,18070.87,18069.16,18070.87,0
202,18073.77,18073.87,18068.77,18069.26,0
203,18076.37,18076.5,18073.77,18073.77,0
204,18074.17,18076.37,18074.14,18076.3,0
205,18078.87,18079.41,18073.3,18074.24,0
206,18080.54,18080.78,18078.77,18078.91,0
207,18076.84,18080.74,18076.41,18080.54,0
208,18076.24,18077.17,18075.7,18076.84,0
209,18068.33,18076.51,18068.13,18076.1,0
210,18068.5,18068.5,18066.39,18068.26,0
211,18072.37,18072.37,18068.5,18068.5,0
212,18082.14,18082.14,18072.5,18072.5,0
213,18081.84,18082.21,18081.04,18082.14,0
214,18079.21,18081.81,18078.81,18081.81,0
215,18082.28,18082.48,18079.15,18079.15,0
216,18082.28,18082.91,18081.61,18082.41,0
217,18081.48,18082.28,18081.41,18082.28,0
218,18082.24,18083.14,18081.41,18081.48,0
219,18080.81,18082.68,18080.81,18082.24,0
220,18073.04,18081.14,18073.04,18080.81,0
221,18072.2,18072.94,18071,18072.94,0
222,18073.64,18073.64,18072.2,18072.2,0
223,18074.3,18074.3,18072.9,18073.27,0
224,18076.87,18077.04,18074.3,18074.3,0
225,18077.77,18077.91,18076.41,18076.94,0
226,18080.01,18080.18,18077.43,18077.84,0
227,18082.04,18082.04,18079.74,18079.94,0
228,18082.74,18083.55,18081.91,18082.04,0
229,18082.61,18083.41,18082.28,18082.71,0
230,18081.08,18082.68,18080.68,18082.54,0
231,18081.28,18081.28,18080.01,18081.08,0
232,18079.91,18081.44,18079.84,18081.21,0
233,18077.07,18080.41,18077.07,18079.84,0
234,18074.07,18077.01,18074.07,18077.01,0
235,18066.9,18073.87,18066.9,18073.87,0
236,18054.75,18066.63,18054.65,18066.63,0
237,18055.75,18057.39,18054.68,18054.75,0
238,18048.31,18056.01,18047.74,18055.75,0
239,18050.15,18050.15,18046.47,18048.48,0
240,18051.41,18051.68,18048.68,18050.21,0
241,18055.59,18055.59,18051.48,18051.55,0
242,18055.22,18055.65,18053.85,18055.59,0
243,18045.64,18055.89,18045.64,18055.29,0
244,18049.05,18049.05,18045.18,18045.7,0
245,18050.21,18050.21,18049.25,18049.25,0
246,18051.55,18051.55,18049.95,18050.21,0
247,18053.05,18053.38,18051.55,18051.55,0
248,18052.95,18053.35,18051.78,18053.05,0
249,18053.75,18053.82,18053.18,18053.42,0
250,18055.35,18055.89,18053.68,18053.82,0
251,18056.02,18056.29,18054.88,18055.29,0
252,18058.23,18058.76,18056.02,18056.02,0
253,18061.66,18061.66,18058.19,18058.19,0
254,18063.82,18063.86,18061.6,18061.66,0
255,18053.32,18063.82,18053.32,18063.82,0
256,18059.99,18059.99,18052.52,18053.38,0
257,18057.12,18060.19,18057.12,18059.99,0
258,18058.24,18058.88,18057.04,18057.25,0
259,18056.62,18058.59,18055.62,18058.24,0
260,18056.02,18057.49,18055.99,18056.62,0
261,18060.56,18060.56,18056.02,18056.02,0
262,18067.26,18067.26,18060.69,18060.69,0
263,18066.76,18067.33,18066.23,18067.3,0
264,18065.86,18067.26,18065.86,18066.7,0
265,18064.13,18066.4,18064.13,18065.86,0
266,18066.33,18066.33,18064.19,18064.19,0
267,18071.46,18072.36,18066.56,18066.56,0
268,18068.86,18072.08,18068.86,18071.66,0
269,18069.67,18069.98,18068.73,18068.96,0
270,18059.02,18069.6,18058.92,18069.6,0
271,18061.22,18061.22,18058.82,18059.02,0
272,18058.39,18062.02,18058.39,18061.22,0
273,18054.22,18059.52,18054.22,18058.39,0
274,18056.02,18056.02,18053.92,18054.22,0
275,18048.01,18056.09,18048.01,18055.95,0
276,18052.05,18052.05,18044.64,18047.88,0
277,18050.68,18052.28,18050.68,18051.98,0
278,18052.85,18052.85,18050.61,18050.68,0
279,18056.39,18056.52,18052.72,18052.85,0
280,18060.46,18061.36,18056.45,18056.45,0
281,18057.65,18060.32,18057.02,18060.32,0
282,18058.89,18059.16,18057.59,18057.65,0
283,18054.52,18059.12,18053.72,18058.92,0
284,18043.24,18055.22,18043.17,18054.52,0
285,18042.37,18045.44,18042.24,18043.71,0
286,18046.78,18047.34,18042.31,18042.37,0
287,18044.72,18046.98,18044.48,18046.84,0
288,18032.86,18044.71,18031.83,18044.62,0
289,18029.46,18033.16,18029.46,18032.8,0
290,18025.36,18029.46,18024.42,18029.46,0
291,18027.39,18028.03,18024.56,18025.49,0
292,18031.93,18032.13,18027.39,18027.39,0
293,18030.29,18032,18027.49,18032,0
294,18032.6,18032.6,18029.29,18030.23,0
295,18025.39,18032.96,18025.19,18032.8,0
296,18025.19,18026.62,18025.02,18025.39,0
297,18028.43,18028.43,18024.72,18025.22,0
298,18028.49,18029.26,18027.79,18028.43,0
299,18031.73,18031.93,18027.66,18028.53,0
300,18026.86,18031.86,18026.39,18031.86,0
301,18019.79,18027.06,18018.95,18026.93,0
302,18021.82,18022.05,18019.79,18019.79,0
303,18023.02,18024.42,18021.75,18021.75,0
304,18023.49,18024.02,18022.62,18022.89,0
305,18027.29,18027.29,18022.32,18023.76,0
306,18030.66,18031.5,18027.83,18027.83,0
307,18028.29,18031.3,18028.06,18030.66,0
308,18028.74,18028.97,18027.79,18028.36,0
309,18029.96,18030.56,18028.41,18028.41,0
310,18031.56,18031.66,18029.89,18029.96,0
311,18029.36,18032.7,18029.36,18031.83,0
312,18025.62,18029.09,18023.66,18029.09,0
313,18029.93,18030.63,18025.66,18025.66,0
314,18035.2,18035.27,18029.76,18029.93,0
315,18033.26,18036.6,18033.13,18035.2,0
316,18035.7,18035.8,18033,18033.06,0
317,18041.87,18041.87,18035.37,18035.37,0
318,18041.81,18041.87,18040.97,18041.87,0
319,18038.5,18041.74,18038.24,18041.74,0
320,18037.42,18038.63,18037.32,18038.54,0
321,18032.57,18037.74,18032.1,18037.42,0
322,18034.67,18034.67,18032.57,18032.57,0
323,18032.25,18034.81,18032.05,18034.67,0
324,18033.68,18033.75,18032.32,18032.45,0
325,18037,18037.07,18033.32,18033.68,0
326,18037.77,18038.57,18036.63,18037,0
327,18035.9,18038.52,18035.9,18037.77,0
328,18038.24,18038.44,18035.53,18035.7,0
329,18038.6,18039.18,18038.14,18038.44,0
330,18041.27,18041.27,18036.97,18038.6,0
331,18047.44,18049.35,18041.61,18041.61,0
332,18043.51,18047.71,18043.51,18047.71,0
333,18046.61,18046.61,18042.87,18043.51,0
334,18046.71,18047.38,18046.68,18046.74,0
335,18052.98,18053.05,18046.51,18046.58,0
336,18059.59,18059.89,18052.85,18053.05,0
337,18059.05,18059.45,18057.68,18059.42,0
338,18063.33,18063.39,18059.05,18059.12,0
339,18058.99,18064.49,18058.99,18063.43,0
340,18055.69,18059.12,18055.41,18058.99,0
341,18053.42,18055.49,18052.25,18055.49,0
342,18055.25,18056.65,18053.42,18053.42,0
343,18051.75,18055.56,18051.75,18055.25,0
344,18049.58,18051.68,18048.95,18051.62,0
345,18052.88,18052.88,18048.69,18049.58,0
346,18051.17,18053.75,18049.68,18052.82,0
347,18052.6,18052.6,18051.1,18051.17,0
348,18055.57,18055.79,18052.47,18052.6,0
349,18056.45,18056.45,18054.27,18055.51,0
350,18039.5,18056.49,18039.4,18056.49,0
351,18027.26,18039.14,18027.26,18039.14,0
352,18029.36,18031.23,18027.39,18027.46,0
353,18028.76,18029.93,18025.62,18029.09,0
354,18026.52,18029.09,18022.55,18028.76,0
355,18031.83,18035.93,18026.52,18026.52,0
356,18032.4,18032.4,18031,18031.8,0
357,18032.16,18032.7,18030.63,18032,0
358,18031.16,18033.11,18031.16,18032.16,0
359,18025.26,18031.36,18025.26,18031.16,0
360,18032.13,18033.16,18024.29,18025.26,0
361,18031.13,18032.06,18027.73,18032.06,0
362,18032.53,18032.96,18030.6,18031.1,0
363,18034.87,18035.23,18032.43,18032.56,0
364,18039.49,18039.49,18034.63,18034.93,0
365,18041.71,18042.02,18038.4,18039.56,0
366,18034.93,18042.67,18034.6,18041.77,0
367,18036.33,18036.33,18034.07,18034.93,0
368,18035.4,18037.4,18034.43,18036.4,0
369,18037.33,18037.5,18035.5,18035.5,0
370,18041.97,18041.97,18037.2,18037.37,0
371,18040.19,18043.61,18039.86,18042.81,0
372,18040.04,18041.43,18038.57,18040.19,0
373,18031.15,18040.1,18031.02,18040.1,0
374,18025.86,18031.05,18025.79,18031.05,0
375,18033.73,18035.07,18025.62,18025.69,0
376,18042.74,18042.87,18033.5,18033.8,0
377,18037.27,18043.01,18037.13,18042.74,0
378,18026.16,18037.33,18026.16,18037.33,0
379,18024.36,18027.53,18021.29,18025.62,0
380,18029.33,18029.49,18023.66,18024.39,0
381,18026.36,18029.69,18026.36,18029.26,0
382,18027.49,18027.53,18024.36,18026.22,0
383,18026.93,18028.06,18020.75,18027.46,0
384,18022.07,18028.36,18022.07,18027.69,0
385,18027.23,18027.43,18021.39,18021.39,0
386,18021.85,18027.99,18021.85,18027.63,0
387,18017.22,18021.99,18015.15,18021.89,0
388,18017.02,18018.85,18016.58,18016.58,0
389,18012.34,18019.05,18010.44,18017.35,0