a1425907860,17876.4,17877.94,17856.56,17856.56,0
1,17885.01,17889.82,17881.57,17881.7,0
2,17883.59,17886.42,17880.45,17884.56,0
3,17885.07,17888.47,17883.4,17883.85,0
4,17901.64,17901.64,17884.53,17884.53,0
5,17900.84,17906.17,17899.42,17901.7,0
6,17892.33,17901,17892.14,17900.32,0
7,17896.99,17896.99,17890.95,17892.26,0
8,17905.3,17905.52,17896.12,17898.15,0
9,17909.99,17910.24,17905.59,17905.59,0
10,17923.47,17923.47,17909.35,17909.35,0
11,17921.93,17923.73,17917.05,17923.35,0
12,17911.66,17922.06,17911.02,17922.06,0
13,17913.87,17916.22,17911.99,17911.99,0
14,17913.92,17917.63,17912.1,17914,0
15,17904.02,17915.79,17903.95,17913.92,0
16,17901.72,17908.77,17901.72,17904.27,0
17,17911.63,17911.75,17901.25,17901.58,0
18,17913.73,17913.73,17908.48,17911.4,0
19,17915.83,17917.85,17913.13,17914.12,0
20,17920.89,17922.62,17915.58,17915.7,0
21,17912.33,17920.4,17912.14,17920.4,0
22,17913.55,17913.98,17908.09,17911.72,0
23,17920.58,17920.78,17912.65,17913.46,0
24,17917.6,17920.58,17915.96,17920.58,0
25,17926.04,17926.24,17916.86,17917.66,0
26,17923.44,17927.33,17923.44,17926.56,0
27,17926.3,17926.49,17921.8,17922.8,0
28,17929.52,17929.9,17926.52,17926.52,0
29,17930.02,17930.02,17927.49,17929.74,0
30,17931.95,17934.13,17929.48,17930.02,0
31,17924.57,17932.79,17924.37,17931.95,0
32,17928.94,17930.31,17924.44,17924.5,0
33,17919.4,17928.87,17919.04,17928.87,0
34,17927.17,17927.3,17919.65,17919.65,0
35,17930.89,17931.66,17927.07,17927.17,0
36,17933.24,17934.33,17930.99,17930.99,0
37,17934.87,17935.32,17932.45,17933.24,0
38,17940.97,17942.17,17934.87,17934.87,0
39,17935.66,17941.46,17934.89,17940.81,0
40,17933.11,17935.6,17933.11,17935.6,0
41,17931.57,17935.39,17928.45,17933.11,0
42,17937.86,17937.99,17932.59,17932.59,0
43,17938.28,17940.75,17937.92,17937.92,0
44,17935.71,17939.85,17935.45,17938.34,0
45,17926.97,17936.06,17926.97,17935.29,0
46,17925.93,17928.28,17925.08,17927.42,0
47,17929.77,17930.25,17926.06,17926.06,0
48,17927.3,17929.96,17926.78,17929.96,0
49,17928.68,17931.44,17927.04,17927.23,0
50,17929.51,17930.25,17928.32,17928.68,0
51,17935.8,17936.45,17928.87,17929.58,0
52,17939.68,17939.74,17935.87,17935.87,0
53,17936.64,17940,17935.41,17939.74,0
54,17927.87,17936.7,17926.08,17936.57,0
55,17922.31,17927.68,17918.4,17927.68,0
56,17922.65,17923.03,17921.87,17922.37,0
57,17928.13,17928.13,17921.36,17922.58,0
58,17926.59,17932.27,17926.35,17928.58,0
59,17928.87,17928.87,17922.48,17926.94,0
60,17928.42,17929.32,17924.78,17929.25,0
61,17932.11,17932.53,17929,17929,0
62,17933.01,17936,17932.18,17932.24,0
63,17933.81,17933.85,17931.08,17933.01,0
64,17937.28,17937.28,17933.81,17933.81,0
65,17941.3,17941.3,17937.15,17937.22,0
66,17937.73,17942.07,17937.41,17941.49,0
67,17938.31,17938.31,17934.46,17937.73,0
68,17938.44,17938.44,17936.7,17936.74,0
69,17931.82,17938.64,17931.57,17938.44,0
70,17932.43,17932.43,17929.41,17931.89,0
71,17934.33,17934.88,17932.24,17932.98,0
72,17946.79,17946.79,17934.52,17934.52,0
73,17948.1,17948.23,17945.69,17946.85,0
74,17947.75,17949.55,17947.75,17948.1,0
75,17950.99,17951.22,17944.6,17945.05,0
76,17953.43,17955.22,17950.93,17950.93,0
77,17953.5,17955.07,17952.8,17953.63,0
78,17956.29,17958.12,17953.5,17953.63,0
79,17959.46,17959.78,17955.97,17956.32,0
80,17962.81,17962.81,17960.23,17960.23,0
81,17965.28,17965.28,17962.39,17962.74,0
82,17961.07,17965.54,17960.82,17965.15,0
83,17963.77,17963.84,17961.17,17961.17,0
84,17962.23,17966.21,17962.17,17963.8,0
85,17963.35,17963.75,17960.75,17961.97,0
86,17956.42,17964.64,17954.91,17963.64,0
87,17953.4,17957.16,17952.95,17956.52,0
88,17956.29,17956.74,17953.34,17953.34,0
89,17951.5,17958.34,17951.5,17956.32,0
90,17945.76,17951.11,17945.76,17951.11,0
91,17947.59,17950.61,17946.02,17946.02,0
92,17946.63,17948.2,17946.53,17947.14,0
93,17939.59,17946.82,17938.84,17946.63,0
94,17942.03,17942.8,17937.54,17940.04,0
95,17948.36,17948.36,17942.07,17942.07,0
96,17947.85,17949.13,17947.04,17949.03,0
97,17954.27,17954.36,17947.33,17947.88,0
98,17954.21,17954.65,17952.95,17954.24,0
99,17955.28,17956,17953.95,17954.08,0
100,17954.62,17956.41,17953.5,17955.41,0
101,17956.42,17956.93,17954.62,17954.62,0
102,17950.19,17956.94,17950.19,17956.29,0
103,17954.24,17955.29,17950.16,17950.16,0
104,17952.79,17954.75,17952.08,17954.3,0
105,17958.22,17958.22,17952.66,17952.85,0
106,17964.16,17964.54,17958.28,17958.28,0
107,17962.87,17965.38,17962.36,17964.16,0
108,17965.18,17965.99,17962.62,17962.84,0
109,17963.55,17965.47,17963.29,17965.18,0
110,17963.35,17964.05,17962.97,17963.29,0
111,17951.73,17963.48,17951.73,17963.48,0
112,17955.23,17955.39,17951.67,17951.73,0
113,17956.87,17957.61,17954.17,17955.29,0
114,17961.43,17962.71,17955.71,17955.94,0
115,17962.29,17963.26,17960.08,17961.68,0
116,17964.64,17964.64,17961.85,17962.26,0
117,17969.19,17971.32,17964.86,17964.86,0
118,17975.59,17975.59,17969.12,17969.12,0
119,17977.48,17981.17,17974.59,17975.59,0
120,17979.57,17979.57,17976.81,17976.94,0
121,17977.48,17980.57,17977.48,17979.67,0
122,17980.53,17980.6,17977.26,17977.55,0
123,17979.73,17981.27,17979.73,17980.47,0
124,17979.38,17980.12,17977.96,17979.73,0
125,17978.59,17979.24,17977.25,17979.12,0
126,17980.5,17980.57,17978.19,17978.59,0
127,17978.68,17981.93,17977.32,17980.51,0
128,17978.46,17979.23,17978,17978.68,0
129,17976.65,17978.97,17976.36,17978.46,0
130,17981.5,17981.5,17976.26,17976.46,0
131,17985.7,17986.57,17981.51,17981.51,0
132,17989.17,17989.17,17985.32,17985.45,0
133,17992.61,17992.61,17989.11,17989.23,0
134,17992.86,17994.4,17992.22,17992.48,0
135,17988.72,17992.96,17988.4,17992.86,0
136,17985.81,17988.5,17985.68,17988.46,0
137,17992.54,17992.54,17985.94,17985.94,0
138,17994.53,17995.75,17991.68,17992.41,0
139,17988.53,17994.73,17988.53,17994.66,0
140,17983.87,17989.23,17983.33,17988.53,0
141,17975.65,17984.16,17975.46,17983.94,0
142,17974.18,17977.26,17974.18,17975.72,0
143,17972.15,17974.3,17970.9,17974.3,0
144,17972.08,17974.91,17971.9,17971.99,0
145,17971.85,17972.09,17969.68,17972.03,0
146,17975.09,17975.09,17971.39,17971.85,0
147,17977.32,17978.77,17975.09,17975.09,0
148,17975.43,17977.42,17974.98,17977.32,0
149,17977.31,17977.31,17975.24,17975.56,0
150,17979.31,17979.89,17977.12,17977.25,0
151,17977.16,17979.31,17977.16,17979.31,0
152,17966.24,17977.55,17966.06,17977.16,0
153,17967.84,17969.71,17966.28,17966.31,0
154,17968.97,17969.85,17967.92,17967.92,0
155,17967.27,17970.58,17966.12,17968.97,0
156,17966.95,17968.04,17966.57,17967.34,0
157,17965.57,17967.01,17963.07,17967.01,0
158,17964.9,17967.63,17964.7,17965.7,0
159,17960.54,17964.96,17959.19,17964.96,0
160,17962.85,17963.46,17960,17960.54,0
161,17966.19,17966.19,17962.53,17962.92,0
162,17967.61,17968.38,17966.19,17966.19,0
163,17967.21,17968.13,17966.58,17967.57,0
164,17962.13,17967.14,17961.49,17967.14,0
165,17958.7,17962.97,17958.7,17962.13,0
166,17959.08,17959.12,17957.99,17958.57,0
167,17959.93,17960.53,17958.7,17959.21,0
168,17956.52,17959.73,17956.52,17959.37,0
169,17956.52,17956.55,17953.34,17956.33,0
170,17959.24,17959.66,17955.74,17956.52,0
171,17957.67,17960.44,17957.13,17959.31,0
172,17958.12,17960.08,17957.61,17957.61,0
173,17959.05,17959.08,17956.68,17958.18,0
174,17964.13,17964.13,17958.92,17959.05,0
175,17960.85,17964.86,17960.85,17964.32,0
176,17958.79,17960.46,17958.49,17960.46,0
177,17958.02,17959.66,17957.86,17958.79,0
178,17959.53,17959.57,17957.77,17957.77,0
179,17960.22,17960.22,17956.87,17959.6,0
180,17959.4,17960.21,17958.09,17959.96,0
181,17960.76,17961.59,17959.09,17959.35,0
182,17964.57,17964.57,17960.31,17960.31,0
183,17964.83,17965.67,17964.45,17964.64,0
184,17965.76,17965.95,17963.32,17964.83,0
185,17972.51,17972.51,17966.73,17967.46,0
186,17972.38,17972.86,17972.09,17972.51,0
187,17970.32,17972.58,17969.84,17972.51,0
188,17971.93,17971.99,17970.26,17970.32,0
189,17966.89,17971.99,17966.76,17971.9,0
190,17967.56,17967.56,17966.5,17966.76,0
191,17968.01,17968.43,17966.89,17967.56,0
192,17973.89,17973.95,17967.69,17968.01,0
193,17976.49,17976.68,17974.34,17974.59,0
194,17976.12,17977.35,17975.72,17976.55,0
195,17977.84,17978.16,17975.99,17976.12,0
196,17980.47,17980.47,17977.73,17977.9,0
197,17980.08,17980.34,17978.51,17980.08,0
198,17976.62,17980.21,17976.62,17980.08,0
199,17978.03,17978.19,17976.52,17976.62,0
200,17978.48,17978.48,17977.46,17977.96,0
201,17980.08,17980.08,17978.48,17978.64,0
202,17982.23,17982.49,17979.22,17980.08,0
203,17980.92,17982.13,17980.73,17982.1,0
204,17982.85,17982.85,17980.34,17980.82,0
205,17987.85,17988.01,17982.78,17982.78,0
206,17986.99,17987.92,17986.18,17987.85,0
207,17984.58,17987.18,17984.32,17986.99,0
208,17989.88,17989.94,17984.32,17984.32,0
209,17988.08,17990.26,17987.98,17989.94,0
210,17988.53,17990.23,17988.18,17988.18,0
211,17988.37,17988.62,17987.73,17988.46,0
212,17990.78,17990.9,17988.34,17988.37,0
213,17988.72,17990.94,17988.59,17990.71,0
214,17984.87,17988.91,17984.87,17988.85,0
215,17983.52,17984.84,17982.78,17984.8,0
216,17983.58,17984.07,17982.94,17983.52,0
217,17983.9,17984.74,17983.33,17983.49,0
218,17984.84,17985.16,17983.84,17983.9,0
219,17984.64,17985.12,17983.68,17984.72,0
220,17984.51,17985.57,17984.32,17984.7,0
221,17982.85,17984.51,17982.4,17984.51,0
222,17983.97,17984.1,17982.85,17983.01,0
223,17984.84,17985.29,17983.97,17983.97,0
224,17983.26,17985.67,17983.26,17984.96,0
225,17986.06,17986.06,17983.71,17983.71,0
226,17982.24,17986.63,17982.2,17985.99,0
227,17980.37,17982.36,17977.1,17982.3,0
228,17982.81,17983.26,17980.24,17980.44,0
229,17981.66,17982.97,17981.66,17982.94,0
230,17980.82,17981.66,17979.63,17981.59,0
231,17985.01,17985.04,17980.53,17980.92,0
232,17985.35,17986.7,17984.91,17985.01,0
233,17986.41,17987.08,17985.35,17985.35,0
234,17987.38,17987.38,17985.83,17986.35,0
235,17986.57,17987.67,17984.55,17987.67,0
236,17987.57,17987.73,17986.22,17986.57,0
237,17987.57,17988.86,17987.19,17987.57,0
238,17985,17987.57,17984.07,17987.57,0
239,17994.39,17994.58,17985,17985,0
240,17999.25,17999.95,17994.77,17994.77,0
241,18001.69,18001.85,17999.25,17999.25,0
242,18004.2,18004.55,18001.73,18001.73,0
243,18004.9,18005.26,18003.68,18004.2,0
244,18003.72,18005.64,18003.65,18004.9,0
245,18004.13,18004.52,18003.59,18003.59,0
246,18003.59,18004.2,18002.79,18004.13,0
247,18002.79,18004.1,18002.14,18003.59,0
248,18005.64,18005.96,18002.59,18002.59,0
249,18003.94,18006.29,18003.3,18005.77,0
250,18005.8,18008.44,18003.94,18003.94,0
251,18015.79,18015.95,18005.8,18005.8,0
252,18014.95,18016.05,18013.8,18015.98,0
253,18016.3,18017.62,18015.18,18015.18,0
254,18018.87,18018.87,18015.79,18016.11,0
255,18019.95,18022.12,18018.87,18018.87,0
256,18020.79,18020.79,18019.5,18019.89,0
257,18021.63,18022.1,18020.69,18020.79,0
258,18023.39,18023.39,18021.12,18021.89,0
259,18023.55,18023.96,18022.62,18023.03,0
260,18027.23,18028.74,18023.55,18023.55,0
261,18028.51,18028.76,18025.68,18027.14,0
262,18026.8,18029.53,18026.8,18028.51,0
263,18027.61,18027.92,18026.77,18026.77,0
264,18025.52,18027.61,18025.26,18027.61,0
265,18025.94,18026.93,18025.39,18025.39,0
266,18021.86,18025.87,18021.42,18025.81,0
267,18022.4,18022.44,18021.47,18021.8,0
268,18020.48,18022.28,18019.93,18022.21,0
269,18020.41,18020.87,18019.58,18020.48,0
270,18020.12,18023.46,18020.12,18020.47,0
271,18016.91,18020.06,18016.91,18020.06,0
272,18015.82,18018.04,18015.82,18016.91,0
273,18015.34,18016.37,18014.67,18015.82,0
274,18014.65,18015.15,18012.93,18015.15,0
275,18016.7,18017.09,18014.65,18014.65,0
276,18017.8,18018.28,18016.7,18016.7,0
277,18017.97,18018.41,18017.41,18017.67,0
278,18017.56,18019.58,18017.56,18017.81,0
279,18016.34,18017.49,18014.92,18017.49,0
280,18013.86,18016.3,18013.86,18016.3,0
281,18014.44,18014.7,18013.34,18013.73,0
282,18013.01,18014.95,18012.16,18014.89,0
283,18012.26,18013.78,18012.26,18013.07,0
284,18011.87,18013.17,18011.87,18012.26,0
285,18015.15,18015.21,18011.13,18011.81,0
286,18011.26,18015.15,18011.2,18015.15,0
287,18012.17,18013.39,18011.2,18011.33,0
288,18011.21,18012.53,18011.21,18012.08,0
289,18009.69,18011.24,18009.01,18011.21,0
290,18012.94,18013.23,18008.26,18009.69,0
291,18012.29,18013.41,18012.29,18012.75,0
292,18014.09,18014.09,18012.1,18012.23,0
293,18016.56,18016.79,18014.18,18014.18,0
294,18015.67,18016.62,18015.67,18016.5,0
295,18015.26,18016.11,18015.05,18015.64,0
296,18012.73,18015.3,18012.05,18015.23,0
297,18015.68,18016.19,18012.82,18012.82,0
298,18015.04,18015.94,18014.56,18015.55,0
299,18013.55,18015.04,18011.28,18015.04,0
300,18005.62,18013.58,18005.39,18013.58,0
301,18002.79,18005.62,18002.79,18005.62,0
302,18004.78,18004.87,18002.79,18002.79,0
303,18004.41,18005.1,18002.41,18004.78,0
304,18004.84,18005.9,18004.35,18004.41,0
305,18008.57,18008.57,18004.55,18004.71,0
306,18009.69,18010.23,18008.63,18008.63,0
307,18003.68,18009.66,18003.68,18009.62,0
308,18003.68,18004.62,18003.33,18003.75,0
309,18005.72,18005.72,18003.65,18003.81,0
310,18003.14,18005.56,18001.53,18005.56,0
311,18002.89,18004.13,18002.88,18003.3,0
312,18006.06,18006.06,18001.02,18002.53,0
313,18006.9,18006.9,18005.13,18006.25,0
314,18007.7,18008.82,18006.71,18007.03,0
315,18008.89,18010.01,18005.49,18007.7,0
316,18008.28,18008.89,18007.7,18008.89,0
317,18017.65,18017.65,18008.37,18008.37,0
318,18018.55,18019.06,18017.4,18017.4,0
319,18018.84,18019.51,18017.45,18018.62,0
320,18024.49,18025.65,18018.65,18018.65,0
321,18024.26,18024.78,18023.89,18024.49,0
322,18026.9,18027.03,18024.07,18024.39,0
323,18027.53,18027.59,18026.84,18026.9,0
324,18025.23,18027.53,18025.23,18027.53,0
325,18028.92,18030.37,18025.29,18025.29,0
326,18025.08,18028.92,18025.08,18028.92,0
327,18024.3,18024.87,18021.09,18024.87,0
328,18023.3,18024.43,18022.98,18024.43,0
329,18025.68,18026.03,18023.3,18023.3,0
330,18027.12,18027.67,18025.45,18025.74,0
331,18024.91,18027.83,18024.91,18027.06,0
332,18027.31,18027.41,18024.49,18024.84,0
333,18025.39,18027.96,18025.33,18027.25,0
334,18022.18,18025.97,18022.18,18025.42,0
335,18019.67,18023,18018.9,18022.18,0
336,18022.62,18022.73,18019.15,18019.73,0
337,18022.21,18022.56,18021.76,18022.56,0
338,18025.23,18025.23,18022.4,18022.4,0
339,18026.76,18026.76,18025.26,18025.36,0
340,18030.22,18031.04,18027.03,18027.03,0
341,18026.26,18030.35,18025.23,18030.28,0
342,18028.51,18028.67,18025.78,18026.26,0
343,18029.21,18029.21,18027.15,18028.51,0
344,18027.56,18029.5,18027.36,18029.19,0
345,18026.41,18028.63,18026.35,18027.46,0
346,18024.14,18026.76,18023.97,18026.31,0
347,18019.26,18023.89,18018.13,18023.89,0
348,18020.29,18020.9,18019.39,18019.39,0
349,18015.92,18020.35,18015.92,18020.35,0
350,18014.57,18015.73,18013.96,18015.73,0
351,18017.11,18017.11,18013.99,18014.25,0
352,18014.09,18017.11,18014.09,18017.11,0
353,18010.59,18013.7,18009.5,18013.67,0
354,18009.59,18012,18009.53,18010.59,0
355,18004.81,18009.59,18004.07,18009.59,0
356,18007.67,18007.67,18004.81,18004.81,0
357,18012.55,18013.22,18007.25,18007.25,0
358,18013.22,18013.32,18012.51,18012.74,0
359,18011.63,18013.51,18011.33,18013.22,0
360,18017.84,18017.84,18011.63,18011.63,0
361,18020.99,18020.99,18017.68,18017.91,0
362,18022.73,18024.23,18020.73,18021.02,0
363,18019,18022.79,18018.78,18022.73,0
364,18020.16,18021.07,18019.74,18019.74,0
365,18018.04,18020.57,18018.04,18020.12,0
366,18014.18,18018.01,18013.73,18018.01,0
367,18013.19,18014.09,18011.65,18014.06,0
368,18008.96,18013,18006.63,18013,0
369,18009.18,18009.5,18008.34,18008.96,0
370,18007.12,18009.59,18006.29,18009.31,0
371,18010.01,18010.11,18007.13,18007.13,0
372,18016.14,18016.14,18009.95,18010.07,0
373,18010.75,18016.4,18010.66,18016.37,0
374,18004.84,18010.82,18004.13,18010.75,0
375,18015.85,18016.08,18004.84,18004.84,0
376,18016.91,18016.91,18015.34,18016.24,0
377,18018.94,18019.51,18016.98,18016.98,0
378,18018.59,18020.54,18018.59,18019.1,0
379,18015.69,18018.62,18015.02,18018.62,0
380,18014.79,18019.29,18014.79,18015.63,0
381,18009.05,18015.17,18009.05,18014.47,0
382,18009.75,18011.26,18008.66,18008.76,0
383,18004.42,18010.14,18004.42,18009.72,0
384,18007.96,18008.47,18002.18,18004.29,0
385,18001.24,18008.03,18000.99,18008.03,0
386,17999.86,18001.24,17999.61,18001.24,0
387,18001.5,18002.4,18000.02,18000.02,0
388,17999.96,18002.4,17999.57,18002.05,0
389,17993.73,18000.22,17993.47,17998.84,0