a1425994260,17888.73,17989.56,17888.28,17989.56,0
1,17859.35,17888.72,17854.7,17888.54,0
2,17852.96,17866.45,17842.81,17861.98,0
3,17846.92,17858.74,17843.33,17853.15,0
4,17858.55,17858.55,17846.92,17846.92,0
5,17842.36,17861.25,17840.44,17858.55,0
6,17846.47,17856.56,17842.75,17842.75,0
7,17848.95,17849.43,17840.23,17845.83,0
8,17844.42,17849.49,17844.42,17848.56,0
9,17835.69,17845.67,17835.62,17844.55,0
10,17834.4,17841.27,17829.78,17830.68,0
11,17836.14,17838.35,17832.99,17834.66,0
12,17823.36,17837.93,17823.36,17837.29,0
13,17830.93,17831.19,17822.94,17823.55,0
14,17816.61,17832.51,17816.2,17830.87,0
15,17810.38,17817.16,17808.04,17816.61,0
16,17808.49,17810.48,17801.14,17810.48,0
17,17808.49,17809.07,17806.08,17808.62,0
18,17809.16,17809.16,17806.33,17808.23,0
19,17805.7,17812.15,17805.7,17809.16,0
20,17784.34,17805.44,17783.15,17805.44,0
21,17792.66,17792.66,17781.29,17783.06,0
22,17797.15,17797.64,17791.63,17792.37,0
23,17797.35,17797.35,17793.4,17796.13,0
24,17808.84,17809.03,17794.36,17797.41,0
25,17806.53,17810.16,17802.07,17808.84,0
26,17810.7,17813.21,17808.2,17808.2,0
27,17805.18,17811.09,17802.93,17810.64,0
28,17805.41,17805.79,17801.62,17805.18,0
29,17803.06,17805.41,17801.36,17805.41,0
30,17800.01,17803.29,17796.48,17802.48,0
31,17813.02,17813.34,17800.17,17800.17,0
32,17805.76,17814.27,17805.76,17812.76,0
33,17805.66,17809.03,17804.03,17805.57,0
34,17814.01,17814.27,17805.6,17805.6,0
35,17810.26,17813.98,17804.25,17813.98,0
36,17806.69,17810.13,17806.54,17810.06,0
37,17802.39,17806.5,17802.04,17804.99,0
38,17803.9,17804.6,17799.43,17802.48,0
39,17801.26,17804.06,17799.79,17803.9,0
40,17796.94,17801.65,17796.94,17801.65,0
41,17792.11,17795.08,17786.56,17795.08,0
42,17791.98,17793.37,17790.54,17792.05,0
43,17784.54,17791.98,17784.47,17791.98,0
44,17776.57,17784.02,17773.43,17784.02,0
45,17763.95,17775.8,17763.25,17775.8,0
46,17762.25,17765.4,17760.9,17764.16,0
47,17773.36,17773.43,17761.87,17761.87,0
48,17776.32,17776.57,17771.82,17773.43,0
49,17778.42,17780.07,17776.25,17776.25,0
50,17781.16,17781.16,17776.6,17777.52,0
51,17783.96,17784.6,17779.23,17781.1,0
52,17780.01,17785.69,17778.92,17784.02,0
53,17774.5,17780.49,17774.5,17780.01,0
54,17773.67,17775.58,17773.07,17774.47,0
55,17777.31,17779.24,17772.98,17773.22,0
56,17775.74,17777.31,17773.93,17777.18,0
57,17761.71,17776.39,17760.26,17776.25,0
58,17770.37,17770.37,17761.96,17761.96,0
59,17775.19,17775.26,17768.38,17770.82,0
60,17765.37,17774.93,17765.24,17774.93,0
61,17765.11,17767.77,17765.11,17765.43,0
62,17769.09,17769.09,17763.57,17764.85,0
63,17766.39,17769.73,17764.76,17769.19,0
64,17762.67,17766.52,17761.99,17766.46,0
65,17761.54,17766.14,17756.86,17762.67,0
66,17752.91,17763.21,17752.65,17761.67,0
67,17751.14,17752.78,17750.72,17752.71,0
68,17749.51,17751.21,17748.25,17751.21,0
69,17753.52,17753.97,17749.32,17749.32,0
70,17760.38,17760.45,17752.43,17753.39,0
71,17770.7,17770.7,17760.38,17760.38,0
72,17759.68,17770.02,17759.59,17770.02,0
73,17761.22,17761.35,17759.68,17759.75,0
74,17763.18,17763.37,17758.95,17760.84,0
75,17768.62,17769.32,17763.12,17763.12,0
76,17760.44,17768.68,17760.31,17768.68,0
77,17760.17,17760.52,17759.33,17760.52,0
78,17756.79,17760.43,17755.59,17760.43,0
79,17761.96,17761.96,17756.82,17757.34,0
80,17768.87,17768.93,17761.16,17761.77,0
81,17768.67,17769.86,17767.84,17768.67,0
82,17774.36,17775.61,17768.83,17768.83,0
83,17778.72,17778.72,17774.04,17774.29,0
84,17776.03,17778.98,17776.03,17778.79,0
85,17784.05,17785.02,17775.83,17776.08,0
86,17786.17,17786.17,17784.02,17784.02,0
87,17781.36,17787.17,17781.36,17786.17,0
88,17783.99,17784.37,17781.26,17781.26,0
89,17765.75,17784.89,17765.75,17783.15,0
90,17778.63,17778.95,17768.8,17768.8,0
91,17790.06,17790.06,17777.86,17778.43,0
92,17791.86,17793.56,17789.7,17790.1,0
93,17794.14,17794.14,17791.06,17791.54,0
94,17791.5,17796.13,17791.5,17794.2,0
95,17792.95,17793.78,17790.7,17791.57,0
96,17798.03,17799.03,17792.95,17792.95,0
97,17797.03,17797.96,17795.45,17797.49,0
98,17799.24,17801.14,17796.7,17796.83,0
99,17799.56,17799.88,17798.05,17799.24,0
100,17798.36,17799.88,17798.36,17799.63,0
101,17795.3,17798.68,17795.3,17798.55,0
102,17797.12,17797.96,17795.1,17795.18,0
103,17806.27,17807.27,17797.12,17797.15,0
104,17805.79,17806.21,17805.28,17806.21,0
105,17806.85,17807.05,17805.52,17805.92,0
106,17807.2,17807.62,17806.03,17806.79,0
107,17807.69,17808.91,17807.27,17807.27,0
108,17811.73,17811.73,17806.79,17807.81,0
109,17812.21,17812.37,17810.77,17811.98,0
110,17817.96,17819.28,17811.41,17812.34,0
111,17819.16,17819.21,17817.32,17817.7,0
112,17819.82,17819.95,17819.21,17819.32,0
113,17816.87,17819.82,17816.74,17819.7,0
114,17813.5,17816.68,17813.5,17816.68,0
115,17811.99,17813.02,17811.13,17812.89,0
116,17818.38,17818.38,17811.99,17812.09,0
117,17820.53,17821.01,17818.31,17818.31,0
118,17813.85,17820.72,17813.85,17820.59,0
119,17809.58,17814.04,17808.75,17814.04,0
120,17806.89,17809.29,17806.76,17809.29,0
121,17804.28,17807.02,17804.22,17806.83,0
122,17808.14,17808.2,17804.19,17804.41,0
123,17806.58,17809.87,17806.52,17808.26,0
124,17798.45,17806.36,17798.45,17806.2,0
125,17796.77,17800.63,17796.77,17798.51,0
126,17796.4,17798.44,17796.4,17796.77,0
127,17792.76,17796.45,17792.08,17796.4,0
128,17786.49,17794.84,17786.49,17792.76,0
129,17789.03,17789.17,17786.49,17786.49,0
130,17788.41,17790.2,17787.75,17788.93,0
131,17782.58,17789.77,17781.97,17788.29,0
132,17781.68,17783.67,17781.16,17782.45,0
133,17776.24,17781.68,17775.13,17781.68,0
134,17776.12,17776.99,17775.54,17776.15,0
135,17763.63,17776.32,17763.63,17776.25,0
136,17762.48,17764.82,17760.77,17763.57,0
137,17763.75,17764.3,17762.41,17762.41,0
138,17765.36,17765.78,17763.46,17763.88,0
139,17760.12,17763.98,17759.64,17763.98,0
140,17759.46,17760.05,17756.73,17760.05,0
141,17761.45,17761.58,17759.46,17759.46,0
142,17757.88,17761.38,17757.88,17761.32,0
143,17759.97,17760.36,17755.06,17757.76,0
144,17749.18,17760.29,17748.99,17760.04,0
145,17754.74,17754.74,17744.78,17749.05,0
146,17752.26,17757.26,17752.26,17754.67,0
147,17752.14,17755.15,17751.27,17752.2,0
148,17747.32,17753.71,17747.26,17752.14,0
149,17736.11,17748.06,17736.11,17747.26,0
150,17732.1,17736.47,17730.14,17736.05,0
151,17730.72,17732.13,17729.92,17731.97,0
152,17724.55,17730.69,17721.89,17730.69,0
153,17727.54,17727.54,17722.83,17724.49,0
154,17728.23,17729.11,17726.77,17727.67,0
155,17727.7,17728.02,17725.23,17727.86,0
156,17729.88,17730.17,17726.61,17727.7,0
157,17732.68,17732.68,17728.12,17729.82,0
158,17732.29,17733,17731.65,17732.74,0
159,17737.59,17737.59,17732.29,17732.36,0
160,17745.65,17745.65,17737.69,17737.85,0
161,17747.64,17747.64,17745.46,17745.71,0
162,17753.81,17754.1,17746.26,17747.77,0
163,17751.98,17754.54,17751.78,17753.87,0
164,17752.3,17753.65,17751.82,17751.98,0
165,17752.26,17754.22,17752.1,17752.36,0
166,17746.29,17751.88,17745.65,17751.88,0
167,17745.48,17748.12,17745.48,17746.35,0
168,17746.58,17747.48,17741.28,17745.48,0
169,17749.25,17750.05,17746.52,17746.52,0
170,17745.65,17749.02,17744.01,17748.93,0
171,17738.65,17746.32,17738.61,17745.62,0
172,17738.1,17740.67,17736.11,17738.71,0
173,17733.51,17738.14,17732.42,17738.09,0
174,17727.48,17733.96,17727.09,17733.45,0
175,17726.67,17732.07,17726.32,17727.54,0
176,17732.04,17732.13,17726.8,17726.8,0
177,17733.93,17733.99,17732.02,17732.93,0
178,17736.72,17736.72,17732.39,17733.87,0
179,17729.08,17737.24,17729.08,17737.17,0
180,17731.07,17732.45,17724.04,17728.5,0
181,17730.21,17731.93,17729.34,17731.14,0
182,17730.26,17730.26,17729.11,17730.24,0
183,17725.13,17730.24,17725.13,17729.94,0
184,17725.36,17725.36,17724.03,17725.13,0
185,17729.18,17729.18,17724.49,17725.56,0
186,17730.24,17731.36,17729.24,17729.24,0
187,17736.79,17736.79,17730.3,17730.3,0
188,17742.7,17742.7,17736.98,17737.24,0
189,17747.67,17748.25,17742.7,17742.7,0
190,17750.92,17750.92,17746.74,17747.74,0
191,17749.57,17753.49,17749.41,17750.92,0
192,17754.06,17754.54,17749.44,17749.57,0
193,17759.1,17759.59,17752.78,17754.51,0
194,17754.13,17759.01,17753.74,17759.01,0
195,17745.04,17754.9,17742.89,17753.97,0
196,17751.14,17751.65,17744.94,17745.01,0
197,17751.82,17753.74,17750.82,17751.14,0
198,17737.3,17751.62,17737.17,17751.62,0
199,17743.14,17743.14,17737.56,17737.56,0
200,17739.65,17743.14,17739,17743.14,0
201,17738.33,17739.81,17737.33,17739.77,0
202,17742.63,17742.66,17737.88,17738.39,0
203,17747.71,17747.77,17742.6,17742.7,0
204,17741.93,17749.92,17741.93,17747.96,0
205,17750.05,17750.05,17741.57,17741.86,0
206,17749.82,17752.39,17749.57,17750.88,0
207,17757.66,17757.66,17749.42,17749.76,0
208,17751.62,17758.14,17750.69,17757.85,0
209,17744.69,17752.55,17744.69,17751.82,0
210,17748.16,17748.8,17743.98,17744.56,0
211,17749.02,17749.02,17746.42,17748.16,0
212,17746.58,17749.92,17746.58,17749.09,0
213,17747.8,17747.8,17745.71,17746.61,0
214,17747.74,17748.7,17747.29,17747.8,0
215,17750.08,17750.08,17745.55,17747.58,0
216,17754.77,17755.41,17750.15,17750.21,0
217,17743.08,17755.15,17742.05,17754.77,0
218,17744.17,17744.27,17742.79,17743.02,0
219,17740.77,17744.17,17740.67,17744.17,0
220,17738.07,17741.22,17737.75,17740.96,0
221,17741.03,17741.15,17737.56,17738.07,0
222,17743.6,17743.6,17741.15,17741.15,0
223,17741.6,17745.3,17740.32,17743.85,0
224,17739.34,17741.54,17739.23,17741.54,0
225,17740.58,17741.64,17738.07,17739.22,0
226,17739.61,17741.35,17734.82,17740.74,0
227,17741.08,17742.3,17739.61,17739.61,0
228,17741.64,17741.73,17738.78,17741.08,0
229,17747.58,17747.64,17741.64,17741.64,0
230,17754.93,17755.09,17747.54,17747.61,0
231,17761.71,17765.78,17754.99,17754.99,0
232,17756.99,17763.5,17756.86,17761.71,0
233,17757.24,17758.24,17756.95,17757.53,0
234,17761.1,17761.61,17757.24,17757.24,0
235,17763.18,17763.44,17760.61,17761.1,0
236,17763.29,17764.63,17763.29,17763.31,0
237,17763.25,17763.63,17762.09,17763.29,0
238,17756.46,17763.79,17755.8,17763.5,0
239,17749.47,17756.75,17749.47,17756.39,0
240,17747.83,17749.28,17746.71,17749.28,0
241,17744.59,17748.32,17744.59,17747.77,0
242,17741.64,17744.85,17740.74,17744.56,0
243,17745.68,17745.68,17741.64,17741.64,0
244,17743.43,17745.78,17743.31,17745.62,0
245,17742.25,17743.5,17741.19,17743.5,0
246,17746.9,17746.93,17742.18,17742.18,0
247,17740.74,17746.93,17740.64,17746.87,0
248,17738.9,17742.3,17738.9,17740.74,0
249,17737.98,17739.2,17737.46,17738.66,0
250,17736.69,17737.85,17733.83,17737.85,0
251,17738.88,17738.88,17736.63,17736.63,0
252,17734.22,17738.94,17733.7,17738.94,0
253,17734.25,17735.05,17733.87,17734.19,0
254,17736.34,17736.34,17734.35,17734.83,0
255,17739.77,17739.77,17735.95,17736.66,0
256,17740.42,17741.06,17739.87,17739.97,0
257,17745.01,17745.27,17739.58,17740.42,0
258,17745.2,17745.39,17744.01,17745.01,0
259,17743.9,17746.13,17743.65,17745.46,0
260,17741.08,17743.83,17739.77,17743.83,0
261,17744.34,17744.34,17741.01,17741.3,0
262,17742.18,17745.23,17742.18,17744.31,0
263,17740.32,17742.18,17737.37,17742.18,0
264,17739.07,17740.42,17738.68,17740.29,0
265,17740.54,17740.61,17739.07,17739.07,0
266,17736.98,17741.25,17736.11,17740.48,0
267,17739.29,17740.51,17736.46,17737.08,0
268,17739.31,17741.57,17738.97,17739.42,0
269,17739.9,17739.93,17737.08,17739.38,0
270,17738.84,17740.64,17738.68,17739.97,0
271,17740.51,17740.51,17737.65,17738.33,0
272,17742.75,17742.75,17740.44,17740.51,0
273,17744.3,17744.49,17742.86,17742.91,0
274,17743.05,17744.82,17743.05,17744.1,0
275,17748.28,17748.28,17743.05,17743.05,0
276,17749.95,17751.91,17748.09,17748.22,0
277,17749.63,17749.99,17747.87,17749.89,0
278,17751.85,17751.98,17749.57,17749.57,0
279,17753.74,17753.84,17751.78,17751.78,0
280,17752,17754.73,17751.87,17753.65,0
281,17748.7,17752.9,17748.7,17752.16,0
282,17735.63,17748.6,17735.63,17748.57,0
283,17727.89,17736.94,17727.89,17736.08,0
284,17721.47,17726,17718.05,17726,0
285,17723.58,17724.03,17721.15,17721.6,0
286,17721.47,17724.96,17721.47,17723.58,0
287,17720.7,17722.4,17720.7,17721.47,0
288,17715.6,17721.02,17714.38,17720.57,0
289,17715.5,17716.62,17715.05,17715.6,0
290,17710.78,17715.82,17708.44,17715.5,0
291,17710.43,17712.13,17709.4,17710.65,0
292,17712.46,17712.55,17710.46,17710.49,0
293,17707.79,17712.52,17707.6,17712.52,0
294,17705.08,17707.99,17703.23,17707.99,0
295,17707.04,17707.04,17705.14,17705.14,0
296,17711.49,17711.68,17706.5,17707.49,0
297,17710.23,17711.68,17710.14,17711.49,0
298,17705.77,17710.68,17705.77,17710.23,0
299,17703.84,17705.51,17703.45,17705.51,0
300,17707.86,17707.86,17703.64,17703.77,0
301,17713.44,17713.44,17707.86,17707.86,0
302,17714.69,17716.62,17713.64,17713.64,0
303,17717.04,17717.43,17714.54,17714.95,0
304,17715.5,17717.3,17715.24,17717.04,0
305,17719.8,17719.8,17714.93,17715.29,0
306,17712.58,17719.8,17712.58,17719.8,0
307,17709.94,17712.58,17707.05,17712.58,0
308,17708.24,17711.29,17708.24,17710.01,0
309,17711.65,17711.83,17708.56,17708.56,0
310,17708.27,17711.65,17706.8,17711.65,0
311,17706.67,17708.27,17705.8,17708.2,0
312,17704.14,17706.67,17704.14,17706.67,0
313,17706.8,17706.8,17702.74,17704.2,0
314,17710.84,17710.84,17706.8,17706.8,0
315,17715.05,17715.76,17710.81,17710.81,0
316,17716.14,17716.24,17714.66,17714.89,0
317,17720.89,17723.14,17715.5,17715.63,0
318,17721.02,17723.69,17720.48,17720.82,0
319,17711.39,17720.7,17710.52,17720.7,0
320,17711.2,17713.41,17711,17711.77,0
321,17715.21,17715.21,17711.61,17711.68,0
322,17716.44,17717.46,17715.37,17715.47,0
323,17714.9,17716.46,17714.73,17716.44,0
324,17704.33,17715.08,17704.33,17714.77,0
325,17698.96,17705.1,17698.64,17704.45,0
326,17701.92,17703.9,17698.96,17698.96,0
327,17702.17,17702.91,17701.11,17701.92,0
328,17704.71,17705.16,17701.44,17702.17,0
329,17702.85,17707.37,17702.85,17704.71,0
330,17704.9,17704.9,17697.33,17702.78,0
331,17710.33,17711.81,17704.94,17704.94,0
332,17710.21,17712.57,17709.69,17710.33,0
333,17718.29,17718.32,17709.88,17710.21,0
334,17710.88,17718.74,17709.27,17718.36,0
335,17713.28,17714.86,17710.75,17710.81,0
336,17711.2,17714.41,17709.49,17713.67,0
337,17716.54,17716.54,17711.07,17711.13,0
338,17719.55,17720.38,17715.31,17716.48,0
339,17720.36,17723.56,17719.42,17719.48,0
340,17713.93,17721.89,17713.93,17720.42,0
341,17718,17720.57,17712.87,17713.22,0
342,17719.16,17719.77,17716.88,17718,0
343,17714.32,17719.16,17713.87,17719.16,0
344,17714.38,17718.16,17714.05,17714.32,0
345,17714.21,17714.89,17709.88,17714.63,0
346,17721.41,17721.41,17713.03,17714.47,0
347,17725.55,17725.55,17721.82,17721.92,0
348,17732.36,17733.48,17725.81,17725.87,0
349,17731.33,17733.02,17729.31,17731.59,0
350,17732.44,17732.77,17731.23,17731.23,0
351,17736.76,17738.49,17732.07,17732.6,0
352,17733.19,17737.86,17730.66,17736.85,0
353,17733.58,17736.66,17733,17733.9,0
354,17738.36,17738.36,17733.58,17733.58,0
355,17736.85,17738.49,17735.89,17738.49,0
356,17728.63,17737.17,17727.51,17736.66,0
357,17729.5,17731.62,17726.19,17728.5,0
358,17730.37,17730.78,17729.69,17729.72,0
359,17717.27,17731.78,17714.18,17731.07,0
360,17712.23,17719.03,17711.68,17717.46,0
361,17704.36,17712.74,17704.07,17712.17,0
362,17704.49,17706.78,17704.16,17704.77,0
363,17709.78,17709.78,17704.9,17704.9,0
364,17708.27,17711.26,17708.27,17709.72,0
365,17710.36,17710.55,17706.12,17708.08,0
366,17708.72,17710.75,17708.05,17710.2,0
367,17712.74,17712.74,17708.85,17708.85,0
368,17711.71,17713.93,17711.68,17712.93,0
369,17711.45,17712.1,17710.43,17711.58,0
370,17709.91,17713.22,17709.91,17711.58,0
371,17720.35,17720.35,17709.88,17709.98,0
372,17709.35,17719.9,17708.36,17719.9,0
373,17715.56,17715.56,17708.85,17709.3,0
374,17709.46,17715.82,17709.46,17715.6,0
375,17705.9,17709.53,17704.71,17709.53,0
376,17704.87,17708.37,17704.55,17705.96,0
377,17709.08,17711,17704.97,17705.26,0
378,17717.93,17717.93,17708.82,17709.24,0
379,17715.34,17719.83,17715.27,17718.54,0
380,17705.47,17715.47,17705.31,17715.47,0
381,17705.67,17707.89,17705.13,17705.47,0
382,17705.45,17706.09,17703.94,17705.71,0
383,17708.69,17709.88,17705.26,17705.64,0
384,17706.06,17708.62,17704.77,17708.62,0
385,17691,17706.19,17691,17706.19,0
386,17687.79,17691.64,17685.89,17691.03,0
387,17693.83,17696.81,17687.85,17687.92,0
388,17687.56,17693.99,17687.56,17693.95,0
389,17678.8,17691.32,17674.85,17689.49,0