a1426771800,128.785,128.83,128.72,128.75,471241
1,128.65,128.88,128.6272,128.785,307232
2,128.85,128.86,128.5,128.669,379038
3,129.2299,129.2451,128.765,128.833,560979
4,128.98,129.23,128.95,129.23,391273
5,129.13,129.18,128.88,128.99,320683
6,128.95,129.15,128.91,129.15,255931
7,128.83,128.97,128.71,128.95,358628
8,128.99,129.1,128.83,128.8328,181330
9,129.035,129.07,128.96,128.98,166191
10,128.97,129.11,128.95,129.04,179895
11,128.98,129.0899,128.9,128.99,203771
12,129.0401,129.1,128.94,128.98,186001
13,129.0355,129.09,129,129.04,147308
14,128.921,129.07,128.92,129.035,164952
15,128.7301,128.93,128.65,128.925,357330
16,128.556,128.74,128.54,128.7301,277376
17,128.451,128.63,128.45,128.59,281761
18,128.75,128.75,128.41,128.4699,303014
19,128.66,128.8,128.57,128.7445,192253
20,128.63,128.68,128.53,128.67,147839
21,128.68,128.755,128.61,128.61,174810
22,128.69,128.73,128.61,128.69,195252
23,128.74,128.75,128.65,128.7,121020
24,128.52,128.8,128.48,128.73,253672
25,128.6,128.62,128.48,128.52,187121
26,128.49,128.67,128.47,128.595,174586
27,128.48,128.57,128.44,128.49,137426
28,128.34,128.4868,128.3,128.4868,232614
29,128.48,128.48,128.33,128.36,98173
30,128.531,128.54,128.45,128.48,147846
31,128.41,128.55,128.4,128.531,154574
32,128.5001,128.505,128.35,128.4199,99181
33,128.3028,128.53,128.28,128.5,147777
34,128.4845,128.525,128.3,128.31,122197
35,128.46,128.53,128.431,128.48,127814
36,128.39,128.48,128.39,128.4699,90936
37,128.349,128.46,128.33,128.39,87643
38,128.25,128.38,128.14,128.36,356442
39,128.14,128.26,128.12,128.2555,128365
40,128.135,128.15,128.11,128.13,120761
41,128.125,128.19,128.06,128.13,220759
42,128.2399,128.32,128.1,128.13,209196
43,128.2536,128.2764,128.18,128.239,138005
44,128.4101,128.4399,128.2577,128.2577,233136
45,128.45,128.47,128.37,128.41,143776
46,128.5699,128.58,128.4,128.4499,229995
47,128.4902,128.61,128.4728,128.57,181179
48,128.535,128.576,128.465,128.491,147543
49,128.47,128.56,128.4101,128.54,96265
50,128.474,128.49,128.4501,128.46,82762
51,128.6101,128.63,128.4701,128.48,168736
52,128.56,128.63,128.5,128.62,124606
53,128.56,128.57,128.47,128.5699,114074
54,128.45,128.58,128.42,128.5601,96529
55,128.42,128.4855,128.37,128.455,142300
56,128.39,128.43,128.33,128.43,110169
57,128.301,128.46,128.295,128.4,122232
58,128.285,128.31,128.16,128.3,170311
59,128.2801,128.36,128.18,128.29,106916
60,128.27,128.3145,128.245,128.28,86708
61,128.195,128.2689,128.15,128.2689,161069
62,128.18,128.2,128.16,128.2,41715
63,128.26,128.27,128.185,128.186,84639
64,128.29,128.35,128.22,128.2555,79363
65,128.29,128.3151,128.27,128.285,76693
66,128.31,128.32,128.28,128.28,113038
67,128.26,128.31,128.18,128.31,80125
68,128.27,128.3,128.245,128.26,54982
69,128.31,128.32,128.26,128.2799,70465
70,128.3,128.34,128.27,128.315,110034
71,128.39,128.42,128.3,128.3,114510
72,128.37,128.43,128.34,128.3899,53053
73,128.25,128.41,128.25,128.3601,150852
74,128.27,128.34,128.25,128.255,73052
75,128.33,128.39,128.28,128.28,113226
76,128.3945,128.41,128.29,128.3351,61981
77,128.34,128.41,128.34,128.41,58130
78,128.1599,128.33,128.155,128.33,132152
79,128.1851,128.21,128.12,128.15,136250
80,128.16,128.2177,128.16,128.19,63851
81,128.165,128.2,128.13,128.1601,133978
82,128.25,128.29,128.16,128.16,117828
83,128.24,128.265,128.22,128.255,73756
84,128.29,128.3,128.2416,128.2416,64228
85,128.185,128.29,128.18,128.29,80073
86,128.19,128.1955,128.12,128.18,80880
87,128.185,128.21,128.16,128.18,60462
88,128.2,128.3,128.15,128.1799,93076
89,128.299,128.305,128.205,128.205,66441
90,128.36,128.38,128.28,128.29,103729
91,128.33,128.3549,128.27,128.35,48236
92,128.3099,128.33,128.26,128.33,86679
93,128.35,128.37,128.3,128.3,80852
94,128.3362,128.38,128.31,128.35,55205
95,128.4096,128.43,128.34,128.34,134708
96,128.4,128.49,128.39,128.41,132590
97,128.355,128.4199,128.3499,128.4098,52281
98,128.309,128.3573,128.27,128.3541,43714
99,128.24,128.31,128.23,128.3,87624
100,128.145,128.27,128.14,128.2301,114873
101,128.16,128.26,128.15,128.15,76587
102,128.055,128.185,128.03,128.1699,186772
103,128.07,128.1297,128.04,128.06,92507
104,128.082,128.15,128.06,128.1,63084
105,128.11,128.12,128.07,128.09,71826
106,128.14,128.14,128.08,128.11,60239
107,128.1,128.19,128.1,128.14,97626
108,128.1156,128.1236,128.07,128.11,58022
109,128.21,128.23,128.0935,128.101,94997
110,128.0941,128.2,128.08,128.2,81446
111,128.205,128.21,128.1,128.1,70451
112,128.22,128.23,128.18,128.2061,92254
113,128.13,128.22,128.13,128.2141,36055
114,128.1,128.15,128.09,128.14,59597
115,128.02,128.11,128.01,128.105,134138
116,128.095,128.095,128.03,128.03,79432
117,128.15,128.15,128.08,128.095,72556
118,128.1301,128.16,128.1,128.15,68278
119,128.08,128.15,128.08,128.139,46283
120,128.055,128.1,128.01,128.0841,100425
121,127.9,128.08,127.89,128.06,461519
122,127.845,127.9499,127.82,127.9,179366
123,127.895,127.95,127.83,127.84,119245
124,127.885,127.95,127.84,127.9,83273
125,127.8644,127.89,127.82,127.8844,78122
126,127.87,127.885,127.84,127.87,47881
127,127.8956,127.9,127.83,127.86,115154
128,127.9062,127.91,127.84,127.895,110623
129,127.913,127.95,127.892,127.9,57323
130,127.9753,127.98,127.89,127.915,130233
131,128,128.04,127.9758,127.9758,119310
132,128,128.01,127.92,128.01,102088
133,127.97,128,127.9532,128,34968
134,128.01,128.04,127.95,127.9636,90749
135,128.045,128.0961,128,128.0158,135821
136,128.1017,128.11,127.99,128.03,102085
137,128.145,128.15,128.07,128.11,63587
138,128.13,128.19,128.12,128.135,68716
139,128.11,128.18,128.095,128.1399,109027
140,128.095,128.13,128.035,128.115,60654
141,128.11,128.13,128.07,128.0901,72060
142,128.05,128.14,128.03,128.12,65710
143,128.09,128.11,127.98,128.04,112556
144,128.1199,128.12,128.08,128.0899,75878
145,128.0799,128.12,128.06,128.11,62978
146,128.11,128.12,128.06,128.08,67942
147,128.135,128.18,128.11,128.11,88395
148,128.18,128.18,128.12,128.14,44392
149,128.21,128.27,128.17,128.18,93250
150,128.18,128.22,128.18,128.21,64195
151,128.1,128.22,128.085,128.1801,58686
152,128.16,128.16,128.09,128.095,28950
153,128.09,128.1364,128.05,128.1364,103339
154,128.09,128.09,128.04,128.09,67479
155,128.07,128.09,128.055,128.08,30639
156,128.115,128.21,128.08,128.08,81206
157,128.13,128.14,128.1,128.12,30180
158,128.13,128.16,128.1,128.1299,53032
159,128.12,128.14,128.1,128.13,62034
160,128.02,128.13,128.02,128.115,95390
161,128.02,128.036,127.97,128.0173,96830
162,128,128.03,127.97,128.03,46962
163,128.05,128.07,128,128,23987
164,128.02,128.06,128,128.05,30336
165,128.05,128.05,127.98,128.02,62358
166,128.11,128.12,128.005,128.04,69038
167,128.052,128.12,128.03,128.12,49939
168,127.97,128.0399,127.96,128.0399,60057
169,127.97,128.01,127.88,127.98,128944
170,127.97,128.03,127.95,127.9767,74188
171,127.99,128,127.95,127.97,53000
172,127.98,127.98,127.93,127.98,29606
173,127.98,127.9999,127.951,127.98,42262
174,128.04,128.04,127.97,127.98,34009
175,127.9941,128.07,127.96,128.04,99091
176,128.019,128.05,127.998,127.998,68337
177,128.04,128.05,128,128.03,19885
178,128.01,128.0601,128,128.05,48251
179,128.02,128.05,128.0099,128.02,35600
180,128.0115,128.06,128,128.03,68570
181,127.9622,128.02,127.95,128.01,48503
182,127.9859,127.99,127.94,127.9699,39481
183,128,128.01,127.97,127.99,23810
184,128,128.01,127.9601,127.99,28440
185,127.9199,128.01,127.911,128.01,60157
186,127.91,127.93,127.88,127.91,48773
187,127.91,127.94,127.9003,127.9199,25438
188,127.89,127.95,127.89,127.92,40479
189,127.8538,127.9,127.83,127.89,95873
190,127.86,127.87,127.83,127.8501,29975
191,127.83,127.89,127.83,127.86,55369
192,127.86,127.871,127.82,127.83,30858
193,127.841,127.87,127.841,127.85,54923
194,127.84,127.865,127.82,127.8499,52419
195,127.8362,127.87,127.83,127.839,64107
196,127.84,127.86,127.83,127.83,58307
197,127.86,127.9013,127.83,127.85,72728
198,127.835,127.88,127.82,127.86,46562
199,127.76,127.84,127.73,127.84,167622
200,127.7635,127.79,127.7462,127.77,56369
201,127.754,127.77,127.71,127.766,58421
202,127.7434,127.795,127.72,127.75,71589
203,127.706,127.74,127.67,127.74,91485
204,127.6272,127.7301,127.62,127.7099,76538
205,127.65,127.6999,127.63,127.64,65241
206,127.58,127.65,127.55,127.6428,173642
207,127.57,127.6299,127.56,127.589,89963
208,127.62,127.65,127.576,127.58,112231
209,127.5607,127.63,127.55,127.615,64385
210,127.505,127.58,127.5,127.579,120893
211,127.509,127.55,127.5,127.5,67430
212,127.4,127.5062,127.4,127.5062,229049
213,127.49,127.491,127.4,127.4,113631
214,127.51,127.54,127.43,127.475,135675
215,127.49,127.54,127.461,127.5199,88946
216,127.56,127.57,127.49,127.5,125411
217,127.57,127.6,127.55,127.55,96918
218,127.54,127.565,127.51,127.565,68035
219,127.564,127.59,127.52,127.54,45434
220,127.53,127.58,127.51,127.5662,80634
221,127.52,127.57,127.515,127.53,38576
222,127.5722,127.6,127.525,127.5296,65598
223,127.57,127.61,127.53,127.57,62772
224,127.6065,127.67,127.58,127.58,106435
225,127.6,127.648,127.6,127.61,28057
226,127.6435,127.65,127.59,127.61,44228
227,127.74,127.75,127.65,127.65,144540
228,127.77,127.79,127.7399,127.75,98664
229,127.8,127.82,127.7399,127.76,100953
230,127.851,127.88,127.795,127.81,131841
231,127.9,127.95,127.85,127.85,111829
232,127.925,127.95,127.87,127.9,73864
233,127.8843,127.93,127.8799,127.925,73680
234,127.9001,127.91,127.81,127.89,81747
235,127.884,127.93,127.87,127.9,25544
236,127.865,127.8992,127.86,127.89,23426
237,127.975,127.98,127.87,127.87,83320
238,128.02,128.04,127.97,127.97,93300
239,128.07,128.1,128.025,128.03,108877
240,128.03,128.08,128.01,128.06,62115
241,128.08,128.0843,128.03,128.03,62612
242,128.11,128.13,128.08,128.08,120739
243,128.15,128.15,128.1,128.1,92458
244,128.16,128.19,128.15,128.15,89407
245,128.15,128.17,128.13,128.16,55104
246,128.07,128.155,128.05,128.145,86705
247,128.05,128.07,128.01,128.07,83141
248,128.039,128.0499,128,128.0499,55183
249,127.9401,128.0365,127.91,128.03,63561
250,127.89,127.95,127.8725,127.9499,84446
251,127.8751,127.91,127.82,127.89,70924
252,127.93,127.97,127.8601,127.8754,58228
253,127.98,127.98,127.92,127.925,35986
254,127.93,128.02,127.93,127.971,55937
255,127.9001,127.95,127.9,127.93,24842
256,127.89,127.91,127.85,127.91,28308
257,127.86,127.91,127.86,127.9,21075
258,127.77,127.86,127.77,127.85,51282
259,127.8744,127.8744,127.72,127.78,92915
260,127.91,127.92,127.86,127.878,37574
261,127.83,127.93,127.82,127.9,31079
262,127.801,127.85,127.77,127.85,28902
263,127.79,127.83,127.7896,127.8,41769
264,127.78,127.8199,127.77,127.79,55529
265,127.8,127.805,127.78,127.79,39413
266,127.71,127.81,127.71,127.79,101700
267,127.69,127.75,127.69,127.74,41507
268,127.6325,127.68,127.58,127.68,89406
269,127.63,127.6766,127.6,127.64,40566
270,127.6928,127.72,127.6328,127.6328,33568
271,127.72,127.755,127.691,127.691,40245
272,127.7,127.7465,127.685,127.7265,61905
273,127.71,127.719,127.66,127.7049,17838
274,127.7947,127.8,127.71,127.71,41106
275,127.775,127.795,127.75,127.7922,32273
276,127.8,127.81,127.78,127.78,65068
277,127.85,127.88,127.79,127.8,64541
278,127.855,127.87,127.8199,127.84,37845
279,127.85,127.86,127.81,127.855,50741
280,127.91,127.92,127.835,127.85,84354
281,127.97,128.01,127.9,127.92,128067
282,127.9,128,127.9,127.98,51356
283,127.878,127.9,127.87,127.9,51432
284,127.9065,127.955,127.87,127.88,35644
285,127.88,127.94,127.85,127.905,45785
286,127.96,127.96,127.8801,127.8801,53109
287,127.9051,127.98,127.9001,127.96,39547
288,127.83,127.9,127.8,127.9,70930
289,127.8,127.8372,127.77,127.8372,70631
290,127.885,127.91,127.79,127.79,62471
291,127.785,127.89,127.76,127.88,71595
292,127.8,127.805,127.76,127.78,35389
293,127.81,127.831,127.8,127.805,37767
294,127.81,127.82,127.779,127.8161,34333
295,127.84,127.85,127.79,127.81,20669
296,127.85,127.85,127.81,127.83,17080
297,127.87,127.89,127.82,127.84,20476
298,127.82,127.87,127.8199,127.8668,36788
299,127.85,127.885,127.815,127.815,29906
300,127.87,127.88,127.81,127.8599,35631
301,127.965,127.972,127.87,127.87,97572
302,127.9876,127.99,127.95,127.962,66357
303,127.94,127.985,127.93,127.98,66444
304,127.925,127.94,127.85,127.93,80440
305,127.9335,127.955,127.91,127.92,24915
306,127.92,127.98,127.92,127.94,55658
307,127.91,127.93,127.88,127.9103,42942
308,127.92,127.955,127.89,127.92,39793
309,127.935,127.96,127.918,127.918,28359
310,128.0332,128.04,127.94,127.94,80683
311,128.091,128.1,128.0201,128.0365,67312
312,128.05,128.1,128.05,128.095,33932
313,128.0745,128.08,128.03,128.0599,40083
314,128.0903,128.14,128.07,128.07,87547
315,128.0445,128.13,128.0401,128.09,35254
316,128.03,128.07,128.03,128.04,34132
317,128.07,128.09,127.9846,128.03,50422
318,128.14,128.14,128.07,128.07,52261
319,128.1,128.16,128.05,128.14,69632
320,128.12,128.13,128.092,128.1099,40308
321,128.164,128.17,128.11,128.119,51752
322,128.1456,128.17,128.1,128.1699,44880
323,128.1,128.16,128.1,128.15,57963
324,128.105,128.11,128.09,128.1,43957
325,128.08,128.11,128.05,128.1,122122
326,128.04,128.09,128.03,128.09,94560
327,128.08,128.13,128.04,128.048,71609
328,128.13,128.16,128.0854,128.0854,31713
329,128.12,128.15,128.11,128.135,36377
330,128.175,128.19,128.12,128.12,116298
331,128.11,128.179,128.0932,128.179,50872
332,128.1,128.18,128.1,128.106,68807
333,128.1592,128.19,128.1,128.1,62724
334,128.17,128.18,128.15,128.16,66359
335,128.16,128.2,128.16,128.175,57194
336,128.2,128.25,128.16,128.17,150763
337,128.18,128.22,128.18,128.21,83521
338,128.19,128.2,128.13,128.179,100129
339,128.1999,128.22,128.18,128.2,126013
340,128.1699,128.21,128.13,128.2,48240
341,128.22,128.23,128.1304,128.165,70879
342,127.97,128.215,127.91,128.211,249189
343,128.0145,128.04,127.98,127.98,85882
344,128.1,128.115,128.02,128.02,49302
345,128.03,128.12,128.025,128.11,57156
346,127.95,128.08,127.95,128.03,47553
347,127.94,127.95,127.91,127.94,76118
348,127.944,127.9767,127.93,127.94,50023
349,127.9599,127.96,127.89,127.9499,74148
350,127.8445,127.96,127.81,127.9553,62284
351,127.801,127.85,127.8,127.8455,38841
352,127.7635,127.82,127.75,127.8001,102532
353,127.77,127.809,127.75,127.77,84135
354,127.705,127.77,127.66,127.77,113363
355,127.74,127.77,127.69,127.69,101104
356,127.83,127.84,127.75,127.76,89095
357,127.7799,127.83,127.7665,127.82,69813
358,127.82,127.87,127.78,127.78,83453
359,127.8999,127.9,127.82,127.83,69815
360,127.84,127.9,127.82,127.89,67504
361,127.84,127.87,127.77,127.84,144557
362,127.9099,127.94,127.78,127.83,145003
363,127.93,127.96,127.9,127.9,112230
364,127.976,127.99,127.92,127.93,63547
365,127.9462,127.9862,127.94,127.97,67948
366,127.905,127.96,127.9,127.945,52346
367,127.849,127.91,127.79,127.91,111473
368,127.96,127.96,127.84,127.8455,96189
369,127.92,127.9638,127.9,127.96,47254
370,127.88,127.91,127.85,127.91,63530
371,127.89,127.91,127.85,127.88,77903
372,127.89,127.91,127.87,127.89,80340
373,127.82,127.91,127.78,127.89,139214
374,127.78,127.84,127.73,127.82,86106
375,127.675,127.79,127.65,127.78,120078
376,127.719,127.79,127.66,127.665,106967
377,127.721,127.77,127.694,127.71,80423
378,127.68,127.74,127.67,127.72,98655
379,127.71,127.72,127.67,127.69,52020
380,127.66,127.79,127.6,127.72,214191
381,127.69,127.73,127.64,127.66,172354
382,127.56,127.695,127.55,127.695,176535
383,127.54,127.6,127.53,127.56,202135
384,127.49,127.54,127.43,127.53,264343
385,127.57,127.59,127.48,127.49,260605
386,127.5,127.61,127.48,127.58,280655
387,127.4765,127.55,127.46,127.5,250170
388,127.536,127.55,127.47,127.4753,208182
389,127.46,127.54,127.46,127.535,228846
390,127.495,127.54,127.45,127.46,4281943