a1426080600,124.75,124.75,124.66,124.75,597247
1,124.4,124.77,124.4,124.75,531295
2,124.52,124.65,124.33,124.4124,360654
3,124.28,124.53,124.21,124.53,332784
4,123.842,124.29,123.83,124.28,816236
5,123.47,124.01,123.4,123.85,768278
6,123.7,123.73,123.375,123.48,510160
7,123.703,123.85,123.62,123.6962,312213
8,123.69,123.87,123.51,123.7,361055
9,123.36,123.69,123.31,123.67,366800
10,123.13,123.4501,123.13,123.36,492179
11,123.05,123.14,122.68,123.1399,1334429
12,123.24,123.3,123.02,123.07,410372
13,123.3,123.4,123.2,123.26,311622
14,123.331,123.48,123.29,123.3,392613
15,123.31,123.3399,123.15,123.33,352126
16,123.13,123.31,123.04,123.31,339527
17,123.1,123.15,122.92,123.13,432461
18,122.8605,123.1001,122.84,123.1001,306108
19,122.52,122.868,122.51,122.86,668167
20,122.73,122.76,122.48,122.54,615764
21,122.89,122.9,122.73,122.73,356368
22,122.79,123.04,122.79,122.88,404552
23,122.66,122.85,122.64,122.792,327717
24,122.565,122.75,122.42,122.68,351185
25,122.84,122.896,122.59,122.59,311750
26,123.1,123.13,122.73,122.849,349514
27,123.015,123.14,123,123.09,330484
28,123.04,123.1,122.92,123.01,349025
29,122.995,123.04,122.84,123.035,249225
30,122.959,123.03,122.87,122.98,175397
31,123,123.06,122.91,122.96,218872
32,122.96,123.03,122.75,122.9999,260488
33,122.9,122.97,122.78,122.951,215210
34,123.1205,123.14,122.89,122.89,346578
35,122.93,123.13,122.9,123.125,210631
36,123.02,123.09,122.9257,122.9257,148316
37,123.3465,123.35,122.99,123.015,463197
38,123.11,123.36,123.1,123.325,303638
39,123.28,123.33,123.115,123.115,164185
40,123.1,123.33,123.1,123.27,294621
41,123.08,123.13,122.95,123.09,297416
42,123.13,123.14,123.06,123.0838,137394
43,122.99,123.15,122.95,123.12,203086
44,122.96,123.055,122.91,122.995,194140
45,122.88,123,122.85,122.96,206888
46,122.75,122.94,122.7,122.8799,336885
47,122.7801,122.82,122.7,122.75,171995
48,122.58,122.7873,122.45,122.7873,498821
49,122.57,122.69,122.51,122.58,224800
50,122.38,122.62,122.35,122.5699,351631
51,122.44,122.49,122.24,122.38,405038
52,122.45,122.58,122.41,122.4356,248465
53,122.32,122.5,122.31,122.47,206918
54,122.44,122.45,122.28,122.32,216466
55,122.41,122.53,122.41,122.44,185180
56,122.19,122.4101,122.15,122.41,510566
57,122.44,122.46,122.1701,122.2,251500
58,122.569,122.58,122.41,122.4372,307810
59,122.75,122.78,122.5701,122.58,279333
60,122.79,122.84,122.7,122.77,301990
61,122.86,122.93,122.74,122.79,269442
62,122.85,122.93,122.83,122.86,101942
63,122.78,122.97,122.77,122.855,210608
64,122.6999,122.86,122.6599,122.78,237685
65,122.59,122.73,122.56,122.692,173718
66,122.58,122.71,122.56,122.58,211075
67,122.707,122.72,122.56,122.58,210401
68,122.5757,122.75,122.56,122.705,217574
69,122.45,122.595,122.42,122.585,259333
70,122.39,122.47,122.31,122.4435,240626
71,122.49,122.55,122.35,122.37,251344
72,122.46,122.57,122.44,122.505,233879
73,122.425,122.489,122.3,122.4643,191526
74,122.2999,122.43,122.26,122.42,153432
75,122.34,122.37,122.26,122.27,247118
76,122.24,122.37,122.2,122.345,225564
77,122.168,122.29,122.11,122.235,311874
78,122.24,122.3,122.165,122.17,253715
79,122.35,122.39,122.18,122.24,328441
80,122.41,122.439,122.31,122.35,168636
81,122.34,122.43,122.31,122.4073,120280
82,122.465,122.49,122.335,122.335,176726
83,122.44,122.4901,122.41,122.47,138468
84,122.614,122.63,122.44,122.44,248885
85,122.65,122.69,122.611,122.63,150260
86,122.675,122.69,122.59,122.6567,169638
87,122.77,122.77,122.63,122.68,214930
88,122.77,122.78,122.73,122.7638,111327
89,122.69,122.7643,122.665,122.7643,202821
90,122.59,122.7,122.52,122.7,205527
91,122.675,122.675,122.55,122.59,98619
92,122.81,122.82,122.62,122.68,205043
93,122.96,122.99,122.8,122.81,275048
94,122.95,123.04,122.93,122.96,289413
95,122.97,123.0801,122.94,122.9499,169540
96,122.82,123,122.77,122.9665,148727
97,122.77,122.8496,122.72,122.82,113870
98,122.84,122.88,122.76,122.78,89426
99,122.7462,122.8301,122.72,122.83,71086
100,122.89,122.89,122.73,122.735,90867
101,123.05,123.055,122.8435,122.89,194476
102,123.03,123.132,123.01,123.041,275558
103,123.15,123.18,123.01,123.0335,131299
104,123.14,123.22,123.08,123.1435,216874
105,122.97,123.19,122.94,123.14,194066
106,123.13,123.1401,122.88,122.98,166804
107,123.16,123.24,123.095,123.132,190258
108,123.14,123.23,123.13,123.1501,148177
109,123.13,123.16,123.045,123.132,111840
110,123.09,123.14,123.03,123.13,84763
111,123.11,123.1394,123.07,123.085,97264
112,123.0401,123.14,123.03,123.11,96597
113,123.0699,123.1,123.04,123.0435,57292
114,122.86,123.11,122.83,123.065,181677
115,122.9,122.9599,122.85,122.86,63955
116,122.9599,123.04,122.9,122.9001,97339
117,123.08,123.16,122.95,122.9511,144058
118,123.11,123.15,123,123.0826,132691
119,123.17,123.23,123.085,123.12,165823
120,123.24,123.25,123.14,123.1701,192992
121,123.11,123.24,123.08,123.2299,151539
122,123.314,123.33,123.1,123.1265,204864
123,123.22,123.32,123.18,123.315,132022
124,123.28,123.29,123.22,123.23,94061
125,123.33,123.38,123.225,123.2862,191540
126,123.3501,123.365,123.285,123.33,103719
127,123.2965,123.36,123.27,123.354,91882
128,123.315,123.354,123.27,123.295,98688
129,123.33,123.41,123.31,123.32,149915
130,123.333,123.4,123.31,123.37,115283
131,123.385,123.39,123.32,123.3301,92004
132,123.54,123.57,123.377,123.3825,246731
133,123.55,123.6,123.51,123.54,171032
134,123.5865,123.62,123.51,123.54,136509
135,123.5299,123.66,123.45,123.58,230958
136,123.48,123.56,123.45,123.5201,108857
137,123.5,123.58,123.44,123.47,98367
138,123.47,123.53,123.47,123.5099,76846
139,123.45,123.56,123.43,123.47,108980
140,123.501,123.53,123.46,123.46,91383
141,123.5977,123.605,123.5,123.52,91616
142,123.5101,123.709,123.5,123.59,238982
143,123.4,123.52,123.31,123.515,241192
144,123.57,123.57,123.37,123.4,143310
145,123.51,123.58,123.4844,123.57,61041
146,123.48,123.53,123.43,123.501,56038
147,123.42,123.4865,123.3999,123.4838,73151
148,123.52,123.54,123.44,123.44,57621
149,123.6,123.62,123.48,123.53,86617
150,123.7,123.71,123.57,123.61,157211
151,123.79,123.8,123.71,123.71,172562
152,123.88,123.9,123.76,123.79,189967
153,123.75,123.9,123.71,123.8862,143088
154,123.8,123.8,123.75,123.77,52110
155,123.7272,123.8,123.6838,123.7801,68264
156,123.58,123.74,123.58,123.73,114081
157,123.485,123.64,123.46,123.5799,138113
158,123.55,123.58,123.48,123.485,108140
159,123.52,123.5699,123.49,123.55,79494
160,123.595,123.6,123.48,123.52,75052
161,123.54,123.64,123.53,123.6,59556
162,123.521,123.575,123.51,123.55,54004
163,123.54,123.55,123.48,123.525,129857
164,123.49,123.55,123.49,123.535,73926
165,123.36,123.51,123.36,123.5,159315
166,123.33,123.44,123.31,123.36,138741
167,123.4,123.4,123.32,123.33,65462
168,123.4,123.4,123.32,123.4,74712
169,123.5701,123.6,123.39,123.4,167618
170,123.64,123.66,123.56,123.575,101670
171,123.5,123.66,123.5,123.65,111022
172,123.55,123.6,123.48,123.505,84476
173,123.5301,123.6,123.52,123.54,44929
174,123.49,123.58,123.49,123.535,67333
175,123.45,123.49,123.35,123.49,108745
176,123.365,123.4599,123.359,123.4462,58950
177,123.29,123.38,123.25,123.3602,159026
178,123.2799,123.31,123.22,123.29,85683
179,123.35,123.37,123.275,123.295,60015
180,123.41,123.41,123.3438,123.363,56255
181,123.38,123.43,123.3408,123.4,47674
182,123.345,123.3799,123.26,123.3761,73693
183,123.23,123.34,123.23,123.34,64047
184,123.31,123.3199,123.235,123.24,45980
185,123.3499,123.4,123.251,123.3,51199
186,123.375,123.39,123.3238,123.35,46945
187,123.39,123.4,123.36,123.3776,25768
188,123.38,123.44,123.37,123.3801,87282
189,123.5162,123.53,123.4101,123.415,77247
190,123.59,123.59,123.51,123.514,83380
191,123.5462,123.63,123.54,123.59,125786
192,123.55,123.58,123.514,123.545,43936
193,123.5738,123.62,123.5401,123.5401,70808
194,123.586,123.59,123.56,123.5701,29804
195,123.59,123.62,123.5528,123.58,32615
196,123.675,123.69,123.58,123.6,101592
197,123.7,123.79,123.67,123.68,133923
198,123.6262,123.71,123.62,123.705,64924
199,123.64,123.73,123.621,123.6224,47008
200,123.729,123.729,123.644,123.65,32631
201,123.7801,123.79,123.72,123.73,69825
202,123.8,123.84,123.72,123.781,93073
203,123.83,123.86,123.78,123.79,94885
204,123.855,123.91,123.83,123.83,98702
205,123.87,123.9,123.83,123.86,83245
206,123.81,123.87,123.76,123.86,87026
207,123.715,123.81,123.69,123.81,110752
208,123.65,123.73,123.56,123.72,127921
209,123.58,123.66,123.52,123.65,73150
210,123.59,123.61,123.52,123.575,86891
211,123.6399,123.69,123.575,123.59,42521
212,123.66,123.69,123.6,123.6301,42051
213,123.58,123.65,123.56,123.65,48892
214,123.61,123.61,123.55,123.59,57474
215,123.5344,123.63,123.47,123.605,147609
216,123.55,123.6,123.51,123.53,86598
217,123.53,123.63,123.5,123.56,68105
218,123.64,123.65,123.55,123.55,30117
219,123.7,123.7,123.64,123.645,66981
220,123.7,123.71,123.66,123.6999,65970
221,123.71,123.72,123.675,123.69,37009
222,123.765,123.8,123.7193,123.72,66983
223,123.79,123.8,123.76,123.76,47873
224,123.8062,123.82,123.78,123.7801,76013
225,123.84,123.85,123.79,123.8,71289
226,123.8,123.849,123.785,123.815,68402
227,123.8338,123.86,123.78,123.799,56219
228,123.79,123.85,123.78,123.84,94157
229,123.76,123.81,123.73,123.79,60865
230,123.77,123.79,123.73,123.76,49915
231,123.7951,123.8,123.74,123.775,42832
232,123.77,123.84,123.75,123.795,39165
233,123.69,123.78,123.69,123.77,52643
234,123.6562,123.72,123.645,123.695,32214
235,123.7038,123.71,123.66,123.66,50450
236,123.571,123.701,123.57,123.701,103689
237,123.59,123.59,123.48,123.57,132654
238,123.65,123.68,123.56,123.5701,73898
239,123.6744,123.68,123.62,123.65,33249
240,123.705,123.75,123.653,123.68,89013
241,123.58,123.72,123.574,123.7,57690
242,123.46,123.57,123.44,123.57,107572
243,123.4101,123.55,123.39,123.47,120044
244,123.37,123.43,123.33,123.42,97736
245,123.43,123.44,123.31,123.36,124656
246,123.4,123.45,123.375,123.43,56150
247,123.4,123.43,123.37,123.39,38204
248,123.48,123.5,123.38,123.3957,99032
249,123.4401,123.4932,123.41,123.49,64606
250,123.46,123.5,123.45,123.45,43295
251,123.36,123.4593,123.36,123.45,51871
252,123.36,123.36,123.27,123.36,101965
253,123.29,123.37,123.25,123.355,151040
254,123.2,123.2719,123.1742,123.25,175316
255,123.23,123.37,123.1961,123.2,145762
256,123.12,123.2799,123.02,123.2458,236661
257,122.94,123.11,122.89,123.11,339541
258,122.93,123.05,122.88,122.94,185770
259,123.073,123.14,122.8805,122.92,244334
260,122.96,123.1,122.93,123.0799,117979
261,122.96,123.033,122.93,122.9547,58843
262,123.02,123.02,122.9,122.9695,108773
263,123.03,123.14,122.98,123,105018
264,123,123.05,122.91,123.0236,122513
265,123.0762,123.09,122.99,122.992,83835
266,123.02,123.07,122.95,123.07,49363
267,123.01,123.03,122.97,123.026,59068
268,123.11,123.13,122.9901,123.015,67379
269,123.13,123.16,123.102,123.11,104804
270,123.1501,123.16,123.11,123.1382,33145
271,123.13,123.1553,123.1,123.1553,58867
272,123.12,123.17,123.1101,123.14,62422
273,123.13,123.14,123.04,123.14,79656
274,123.15,123.16,123.05,123.13,52844
275,123.15,123.17,123.14,123.15,68072
276,123.245,123.25,123.155,123.1562,111072
277,123.25,123.25,123.23,123.246,66702
278,123.23,123.25,123.19,123.24,58362
279,123.224,123.23,123.14,123.2268,75298
280,123.289,123.29,123.19,123.2335,110239
281,123.26,123.29,123.195,123.285,63488
282,123.235,123.27,123.22,123.265,28512
283,123.18,123.26,123.16,123.24,48124
284,123.2101,123.25,123.15,123.18,89549
285,123.25,123.25,123.215,123.22,68763
286,123.2477,123.26,123.18,123.25,102486
287,123.37,123.389,123.245,123.25,123225
288,123.455,123.49,123.37,123.379,143014
289,123.457,123.56,123.43,123.45,156998
290,123.46,123.5,123.45,123.46,37137
291,123.4653,123.5,123.46,123.47,61155
292,123.37,123.5,123.36,123.46,88660
293,123.38,123.41,123.31,123.375,62887
294,123.28,123.405,123.25,123.39,99126
295,123.3,123.37,123.295,123.3,35836
296,123.38,123.38,123.31,123.31,35819
297,123.3659,123.41,123.35,123.385,38493
298,123.3101,123.39,123.31,123.36,28426
299,123.31,123.33,123.18,123.31,86025
300,123.258,123.331,123.205,123.31,62379
301,123.22,123.3,123.151,123.2539,58638
302,123.22,123.26,123.2,123.215,27279
303,123.0901,123.23,123.07,123.225,105726
304,123.03,123.11,123.01,123.09,101488
305,123.0427,123.08,123.021,123.021,64556
306,123.05,123.09,122.95,123.04,138413
307,123.151,123.23,123.055,123.055,92690
308,123.18,123.2,123.135,123.1459,44679
309,123.16,123.2,123.15,123.185,23564
310,123.1696,123.1746,123.13,123.16,24667
311,123.04,123.18,123.03,123.17,55504
312,122.96,123.064,122.96,123.03,80759
313,122.985,123.04,122.92,122.96,92670
314,123.03,123.07,122.98,123,57414
315,123.0062,123.05,122.98,123.045,27393
316,123.0372,123.05,122.9438,123.01,80161
317,123.0547,123.06,122.99,123.035,55982
318,123.07,123.17,123.04,123.0501,99138
319,122.997,123.08,122.97,123.06,68956
320,123.06,123.06,122.98,123,57193
321,123.08,123.09,123.034,123.0482,39533
322,123.2,123.2,123.08,123.085,117941
323,123.25,123.27,123.18,123.2,127987
324,123.2152,123.25,123.18,123.245,63111
325,123.175,123.22,123.14,123.215,71126
326,123.19,123.2,123.122,123.18,57168
327,123.225,123.24,123.14,123.2,61663
328,123.22,123.24,123.19,123.23,69431
329,123.36,123.36,123.205,123.21,102650
330,123.255,123.37,123.21,123.35,108900
331,123.31,123.31,123.235,123.25,54410
332,123.21,123.3,123.2,123.3,42096
333,123.18,123.2399,123.18,123.2141,45853
334,123.2101,123.2187,123.165,123.185,46730
335,123.15,123.239,123.13,123.215,53275
336,123.0999,123.185,123.0999,123.14,115384
337,123.0224,123.1,123,123.095,128214
338,122.9859,123.06,122.92,123.01,161091
339,122.9138,123.01,122.91,122.985,93821
340,122.8168,122.94,122.8,122.91,131380
341,122.8699,122.89,122.81,122.8199,112008
342,122.85,122.865,122.8,122.86,119082
343,122.8027,122.8699,122.76,122.8572,112243
344,122.73,122.83,122.71,122.81,172818
345,122.68,122.76,122.66,122.75,116278
346,122.742,122.78,122.65,122.675,154158
347,122.8299,122.89,122.73,122.74,116338
348,122.7299,122.84,122.72,122.84,76686
349,122.74,122.76,122.685,122.73,89000
350,122.7199,122.7438,122.68,122.7362,74900
351,122.665,122.73,122.66,122.71,90885
352,122.52,122.669,122.48,122.66,421111
353,122.555,122.6,122.52,122.53,115736
354,122.44,122.56,122.41,122.56,200904
355,122.53,122.54,122.43,122.45,126916
356,122.58,122.62,122.52,122.533,164889
357,122.575,122.66,122.56,122.58,122263
358,122.6038,122.639,122.56,122.58,43244
359,122.515,122.61,122.51,122.61,69274
360,122.41,122.55,122.36,122.52,372687
361,122.3826,122.45,122.34,122.45,183191
362,122.4501,122.48,122.3884,122.3884,132923
363,122.37,122.46,122.32,122.46,159107
364,122.4301,122.47,122.32,122.3775,141395
365,122.57,122.58,122.43,122.44,120646
366,122.6001,122.66,122.53,122.58,187370
367,122.64,122.65,122.58,122.6081,97153
368,122.545,122.66,122.54,122.6441,145478
369,122.49,122.5562,122.46,122.54,103657
370,122.6,122.61,122.495,122.495,105880
371,122.5301,122.6062,122.51,122.5975,113696
372,122.54,122.5501,122.5,122.53,106402
373,122.6163,122.65,122.52,122.53,117668
374,122.69,122.69,122.59,122.61,136985
375,122.72,122.76,122.67,122.684,162091
376,122.6277,122.7499,122.62,122.72,103263
377,122.515,122.63,122.5,122.6299,196085
378,122.553,122.57,122.5,122.5138,81456
379,122.53,122.59,122.51,122.5599,103188
380,122.42,122.54,122.26,122.5199,309762
381,122.4,122.41,122.315,122.39,316911
382,122.315,122.42,122.3,122.41,251572
383,122.3,122.33,122.28,122.31,197921
384,122.2872,122.3268,122.28,122.31,142572
385,122.255,122.29,122.23,122.284,264683
386,122.33,122.33,122.25,122.255,291207
387,122.3651,122.37,122.32,122.33,226759
388,122.345,122.38,122.3,122.37,329189
389,122.33,122.36,122.32,122.344,220663
390,122.24,122.35,122.24,122.34,2830515